  69  69  71  62 155 254 254 254 254 254 254 254 254 254 254 254
  72  72  74  63 160 253 253 254 254 254 254 254 254 254 254 253
  72  72  74  71 152 254 252 254 254 254 254 254 254 254 254 254
  70  71  73  65 140 254 252 254 254 254 254 254 254 254 254 254
  67  67  67  66 144 251 254 254 254 254 254 254 254 254 254 254
  67  67  70  62 140 252 254 254 254 254 254 254 254 254 254 254
  70  71  72  71 146 251 253 254 254 254 254 254 254 254 254 254
  76  71  74  69 120 254 252 253 254 254 254 254 254 254 254 254
  67  72  75  73 131 254 253 253 254 254 254 254 254 254 254 254
  73  73  75  73 111 253 254 254 254 254 254 254 254 254 254 254
  89  77 100  77 137 253 254 254 254 254 254 254 254 254 254 254
 252 253 253 249 251 253 254 254 254 254 254 254 254 254 254 254
 254 254 254 254 254 254 254 254 254 254 254 254 254 254 254 254
 254 254 254 254 254 254 254 254 254 254 254 254 254 254 254 254
 254 254 254 254 254 254 254 254 254 254 254 254 254 254 254 254
 254 254 254 254 254 254 254 254 254 254 254 254 254 254 254 254
  71  71  72  64 156 255 255 255 255 255 255 255 255 255 255 255
  71  70  70  61 159 255 255 255 255 255 255 255 255 255 255 255
  71  70  73  69 150 255 255 255 255 255 255 255 255 255 255 255
  71  72  75  65 138 255 255 255 255 255 255 255 255 255 255 255
  73  72  73  72 149 253 255 255 255 255 255 255 255 255 255 255
  74  72  74  65 138 255 255 255 255 255 255 255 255 255 255 255
  73  72  73  73 139 255 255 255 255 255 255 255 255 255 255 255
  73  72  77  74 118 255 255 255 255 255 255 255 255 255 255 255
  74  73  78  77 133 255 255 255 255 255 255 255 255 255 255 255
  74  76  79  76 115 255 255 255 255 255 255 255 255 255 255 255
  87  77  97  72 141 254 255 255 255 255 255 255 255 255 255 255
 254 254 255 254 255 254 255 255 255 255 255 255 255 255 255 255
 255 255 255 255 255 255 255 255 255 255 255 255 255 255 255 255
 255 255 255 255 255 255 255 255 255 255 255 255 255 255 255 255
 255 255 255 255 255 255 255 255 255 255 255 255 255 255 255 255
 255 255 255 255 255 255 255 255 255 255 255 255 255 255 255 255
  65  66  67  59 153 254 255 255 255 255 255 255 255 255 255 254
  65  66  66  51 153 253 255 255 255 255 255 255 255 255 255 254
  65  66  68  61 144 251 253 255 255 255 255 255 255 255 255 255
  66  67  70  59 132 251 252 255 255 255 255 255 255 255 255 255
  67  67  68  67 145 252 255 255 255 255 255 255 255 255 255 255
  69  67  69  60 136 254 255 255 255 255 255 255 255 255 255 255
  67  67  68  68 138 254 255 255 255 255 255 255 255 255 255 255
  63  68  68  60 110 251 255 255 255 255 255 255 255 255 255 255
  64  68  70  65 124 252 255 255 255 255 255 255 255 255 255 255
  70  67  69  66 111 254 255 255 255 255 255 255 255 255 255 255
  83  69  88  63 136 253 255 255 255 255 255 255 255 255 255 255
 252 252 252 250 253 253 255 255 255 255 255 255 255 255 255 255
 255 255 255 255 255 255 255 255 255 255 255 255 255 255 255 255
 255 255 255 255 255 255 255 255 255 255 255 255 255 255 255 255
 255 255 255 255 255 255 255 255 255 255 255 255 255 255 255 255
 255 255 255 255 255 255 255 255 255 255 255 255 255 255 255 255

 254 253 254 254 254 254 254 254 254 254 254 254 254 254 254 254
 254 254 254 254 254 254 254 254 254 254 254 254 254 254 254 254
 254 254 254 254 254 254 254 254 254 254 254 254 254 254 254 254
 254 254 254 254 254 254 254 254 254 254 254 254 254 254 254 254
 254 254 254 254 254 254 254 254 254 254 254 254 254 254 254 254
 254 254 254 254 254 254 254 254 254 254 254 254 254 254 254 254
 254 254 254 254 254 254 254 254 254 254 254 254 254 254 254 254
 254 254 254 254 254 254 254 254 254 254 254 254 254 254 254 254
 254 254 254 254 254 254 254 253 253 254 254 254 254 254 254 254
 254 253 252 252 254 254 253 252 253 254 254 254 254 254 254 254
 254 253 254 254 251 252 251 254 254 253 253 253 254 254 254 254
 155 160 152 140 144 140 146 120 131 111 137 251 254 254 254 254
  62  63  71  65  66  62  71  69  73  73  77 249 254 254 254 254
  71  74  74  73  67  70  72  74  75  75 100 253 254 254 254 254
  69  72  72  71  67  67  71  71  72  73  77 253 254 254 254 254
  69  72  72  70  67  67  70  76  67  73  89 252 254 254 254 254
 255 255 255 255 255 255 255 255 255 255 255 255 255 255 255 255
 255 255 255 255 255 255 255 255 255 255 255 255 255 255 255 255
 255 255 255 255 255 255 255 255 255 255 255 255 255 255 255 255
 255 255 255 255 255 255 255 255 255 255 255 255 255 255 255 255
 255 255 255 255 255 255 255 255 255 255 255 255 255 255 255 255
 255 255 255 255 255 255 255 255 255 255 255 255 255 255 255 255
 255 255 255 255 255 255 255 255 255 255 255 255 255 255 255 255
 255 255 255 255 255 255 255 255 255 255 255 255 255 255 255 255
 255 255 255 255 255 255 255 255 255 255 255 255 255 255 255 255
 255 255 255 255 255 255 255 255 255 255 255 255 255 255 255 255
 255 255 255 255 253 255 255 255 255 255 254 254 255 255 255 255
 156 159 150 138 149 138 139 118 133 115 141 255 255 255 255 255
  64  61  69  65  72  65  73  74  77  76  72 254 255 255 255 255
  72  70  73  75  73  74  73  77  78  79  97 255 255 255 255 255
  71  70  70  72  72  72  72  72  73  76  77 254 255 255 255 255
  71  71  71  71  73  74  73  73  74  74  87 254 255 255 255 255
 254 254 255 255 255 255 255 255 255 255 255 255 255 255 255 255
 255 255 255 255 255 255 255 255 255 255 255 255 255 255 255 255
 255 255 255 255 255 255 255 255 255 255 255 255 255 255 255 255
 255 255 255 255 255 255 255 255 255 255 255 255 255 255 255 255
 255 255 255 255 255 255 255 255 255 255 255 255 255 255 255 255
 255 255 255 255 255 255 255 255 255 255 255 255 255 255 255 255
 255 255 255 255 255 255 255 255 255 255 255 255 255 255 255 255
 255 255 255 255 255 255 255 255 255 255 255 255 255 255 255 255
 255 255 255 255 255 255 255 255 255 255 255 255 255 255 255 255
 255 255 253 252 255 255 255 255 255 255 255 255 255 255 255 255
 254 253 251 251 252 254 254 251 252 254 253 253 255 255 255 255
 153 153 144 132 145 136 138 110 124 111 136 253 255 255 255 255
  59  51  61  59  67  60  68  60  65  66  63 250 255 255 255 255
  67  66  68  70  68  69  68  68  70  69  88 252 255 255 255 255
  66  66  66  67  67  67  67  68  68  67  69 252 255 255 255 255
  65  65  65  66  67  69  67  63  64  70  83 252 255 255 255 255

 254 254 254 254 254 254 254 254 254 254 254 254 254 254 254 254
 254 254 254 254 254 254 254 254 254 254 254 254 254 254 254 254
 254 254 254 254 254 254 254 254 254 254 254 254 254 254 254 254
 254 254 254 254 254 254 254 254 254 254 254 254 254 254 254 254
 254 254 254 254 254 254 254 254 254 254 253 251 249 253 253 252
 254 254 254 254 254 254 254 254 254 254 253 137  77 100  77  89
 254 254 254 254 254 254 254 254 254 254 253 111  73  75  73  73
 254 254 254 254 254 254 254 254 253 253 254 131  73  75  72  67
 254 254 254 254 254 254 254 254 253 252 254 120  69  74  71  76
 254 254 254 254 254 254 254 254 254 253 251 146  71  72  71  70
 254 254 254 254 254 254 254 254 254 254 252 140  62  70  67  67
 254 254 254 254 254 254 254 254 254 254 251 144  66  67  67  67
 254 254 254 254 254 254 254 254 254 252 254 140  65  73  71  70
 254 254 254 254 254 254 254 254 254 252 254 152  71  74  72  72
 253 254 254 254 254 254 254 254 254 253 253 160  63  74  72  72
 254 254 254 254 254 254 254 254 254 254 254 155  62  71  69  69
 255 255 255 255 255 255 255 255 255 255 255 255 255 255 255 255
 255 255 255 255 255 255 255 255 255 255 255 255 255 255 255 255
 255 255 255 255 255 255 255 255 255 255 255 255 255 255 255 255
 255 255 255 255 255 255 255 255 255 255 255 255 255 255 255 255
 255 255 255 255 255 255 255 255 255 255 254 255 254 255 254 254
 255 255 255 255 255 255 255 255 255 255 254 141  72  97  77  87
 255 255 255 255 255 255 255 255 255 255 255 115  76  79  76  74
 255 255 255 255 255 255 255 255 255 255 255 133  77  78  73  74
 255 255 255 255 255 255 255 255 255 255 255 118  74  77  72  73
 255 255 255 255 255 255 255 255 255 255 255 139  73  73  72  73
 255 255 255 255 255 255 255 255 255 255 255 138  65  74  72  74
 255 255 255 255 255 255 255 255 255 255 253 149  72  73  72  73
 255 255 255 255 255 255 255 255 255 255 255 138  65  75  72  71
 255 255 255 255 255 255 255 255 255 255 255 150  69  73  70  71
 255 255 255 255 255 255 255 255 255 255 255 159  61  70  70  71
 255 255 255 255 255 255 255 255 255 255 255 156  64  72  71  71
 255 255 255 255 255 255 255 255 255 255 255 255 255 255 255 255
 255 255 255 255 255 255 255 255 255 255 255 255 255 255 255 255
 255 255 255 255 255 255 255 255 255 255 255 255 255 255 255 255
 255 255 255 255 255 255 255 255 255 255 255 255 255 255 255 255
 255 255 255 255 255 255 255 255 255 255 253 253 250 252 252 252
 255 255 255 255 255 255 255 255 255 255 253 136  63  88  69  83
 255 255 255 255 255 255 255 255 255 255 254 111  66  69  67  70
 255 255 255 255 255 255 255 255 255 255 252 124  65  70  68  64
 255 255 255 255 255 255 255 255 255 255 251 110  60  68  68  63
 255 255 255 255 255 255 255 255 255 255 254 138  68  68  67  67
 255 255 255 255 255 255 255 255 255 255 254 136  60  69  67  69
 255 255 255 255 255 255 255 255 255 255 252 145  67  68  67  67
 255 255 255 255 255 255 255 255 255 252 251 132  59  70  67  66
 255 255 255 255 255 255 255 255 255 253 251 144  61  68  66  65
 254 255 255 255 255 255 255 255 255 255 253 153  51  66  66  65
 254 255 255 255 255 255 255 255 255 255 254 153  59  67  66  65

 254 254 254 254 252  89  73  67  76  70  67  67  70  72  72  69
 254 254 254 254 253  77  73  72  71  71  67  67  71  72  72  69
 254 254 254 254 253 100  75  75  74  72  70  67  73  74  74  71
 254 254 254 254 249  77  73  73  69  71  62  66  65  71  63  62
 254 254 254 254 251 137 111 131 120 146 140 144 140 152 160 155
 254 254 254 254 253 253 253 254 254 251 252 251 254 254 253 254
 254 254 254 254 254 254 254 253 252 253 254 254 252 252 253 254
 254 254 254 254 254 254 254 253 253 254 254 254 254 254 254 254
 254 254 254 254 254 254 254 254 254 254 254 254 254 254 254 254
 254 254 254 254 254 254 254 254 254 254 254 254 254 254 254 254
 254 254 254 254 254 254 254 254 254 254 254 254 254 254 254 254
 254 254 254 254 254 254 254 254 254 254 254 254 254 254 254 254
 254 254 254 254 254 254 254 254 254 254 254 254 254 254 254 254
 254 254 254 254 254 254 254 254 254 254 254 254 254 254 254 254
 254 254 254 254 254 254 254 254 254 254 254 254 254 254 254 254
 254 254 254 254 254 254 254 254 254 254 254 254 254 254 253 254
 255 255 255 255 254  87  74  74  73  73  74  73  71  71  71  71
 255 255 255 255 254  77  76  73  72  72  72  72  72  70  70  71
 255 255 255 255 255  97  79  78  77  73  74  73  75  73  70  72
 255 255 255 255 254  72  76  77  74  73  65  72  65  69  61  64
 255 255 255 255 255 141 115 133 118 139 138 149 138 150 159 156
 255 255 255 255 254 254 255 255 255 255 255 253 255 255 255 255
 255 255 255 255 255 255 255 255 255 255 255 255 255 255 255 255
 255 255 255 255 255 255 255 255 255 255 255 255 255 255 255 255
 255 255 255 255 255 255 255 255 255 255 255 255 255 255 255 255
 255 255 255 255 255 255 255 255 255 255 255 255 255 255 255 255
 255 255 255 255 255 255 255 255 255 255 255 255 255 255 255 255
 255 255 255 255 255 255 255 255 255 255 255 255 255 255 255 255
 255 255 255 255 255 255 255 255 255 255 255 255 255 255 255 255
 255 255 255 255 255 255 255 255 255 255 255 255 255 255 255 255
 255 255 255 255 255 255 255 255 255 255 255 255 255 255 255 255
 255 255 255 255 255 255 255 255 255 255 255 255 255 255 255 255
 255 255 255 255 252  83  70  64  63  67  69  67  66  65  65  65
 255 255 255 255 252  69  67  68  68  67  67  67  67  66  66  66
 255 255 255 255 252  88  69  70  68  68  69  68  70  68  66  67
 255 255 255 255 250  63  66  65  60  68  60  67  59  61  51  59
 255 255 255 255 253 136 111 124 110 138 136 145 132 144 153 153
 255 255 255 255 253 253 254 252 251 254 254 252 251 251 253 254
 255 255 255 255 255 255 255 255 255 255 255 255 252 253 255 255
 255 255 255 255 255 255 255 255 255 255 255 255 255 255 255 255
 255 255 255 255 255 255 255 255 255 255 255 255 255 255 255 255
 255 255 255 255 255 255 255 255 255 255 255 255 255 255 255 255
 255 255 255 255 255 255 255 255 255 255 255 255 255 255 255 255
 255 255 255 255 255 255 255 255 255 255 255 255 255 255 255 255
 255 255 255 255 255 255 255 255 255 255 255 255 255 255 255 255
 255 255 255 255 255 255 255 255 255 255 255 255 255 255 255 255
 255 255 255 255 255 255 255 255 255 255 255 255 255 255 255 255
 255 255 255 255 255 255 255 255 255 255 255 255 255 255 254 254

