  69  72  75  69  70  74  75  76  76  78  45 249 254 254 254 254
  75  75  74  74  75  75  75  77  78  78  39 247 254 254 254 254
  73  77  74  75  77  75  76  78  76  75  40 251 254 254 254 253
  73  63  72  67  73  69  67  64  69  67  40 249 252 252 254 252
 213 205 209 217 224 202 224 222 227 222 213 158 146 140 150 139
 253 254 253 254 252 250 252 252 253 252 254 113  79  82  79  81
 254 254 254 254 254 254 254 254 254 253 252 105  82  84  78  74
 254 254 254 254 254 254 254 254 254 254 251 114  81  81  76  70
 254 254 254 254 254 254 254 254 254 253 253 119  78  75  74  72
 254 254 254 254 254 254 254 254 254 253 253 131  82  75  71  76
 254 254 254 254 254 254 254 254 254 253 248 164 122 127 115 119
 254 254 254 254 254 254 254 254 254 254 254 253 254 254 254 254
 253 254 254 254 254 254 254 254 254 254 254 254 254 254 254 254
 253 254 254 254 254 254 254 254 254 254 254 254 254 254 254 254
 253 254 254 254 254 254 254 254 254 254 254 254 254 254 254 254
 252 254 254 254 254 254 254 254 254 254 254 254 254 254 254 254
  69  71  73  73  73  73  74  75  73  75  42 250 255 255 255 255
  73  73  72  72  73  73  73  75  76  77  39 247 255 255 255 255
  71  74  72  72  74  73  74  76  77  78  43 252 255 255 255 255
  68  69  68  64  68  69  69  73  69  72  39 249 254 254 255 255
 204 207 210 208 218 206 219 212 220 220 209 154 143 133 137 132
 255 255 254 255 255 254 255 255 255 255 255 108  76  81  80  76
 255 255 255 255 255 255 255 255 255 255 254 103  75  79  79  76
 255 255 255 255 255 255 255 255 255 255 255 117  74  77  76  74
 255 255 255 255 255 255 255 255 255 255 255 119  76  79  77  75
 255 255 255 255 255 255 255 255 255 255 255 129  78  84  82  76
 255 255 255 255 255 255 255 255 255 255 254 165 110 121 116 124
 255 255 255 255 255 255 255 255 255 255 255 253 255 255 255 255
 255 255 255 255 255 255 255 255 255 255 255 255 255 255 255 255
 255 255 255 255 255 255 255 255 255 255 255 255 255 255 255 255
 255 255 255 255 255 255 255 255 255 255 255 255 255 255 255 255
 255 255 255 255 255 255 255 255 255 255 255 255 255 255 255 255
  61  64  64  63  64  66  66  67  69  71  39 249 255 255 255 255
  64  64  63  63  64  64  64  66  70  71  32 245 255 255 255 255
  65  61  65  66  69  65  65  68  68  69  34 249 255 255 254 255
  69  62  64  60  63  62  61  61  61  65  31 240 253 252 254 255
 197 202 206 189 210 206 217 206 214 219 203 145 138 126 125 127
 254 254 252 254 253 252 254 253 254 255 254 105  68  72  74  74
 255 255 255 255 255 255 255 255 255 255 253  96  65  71  70  65
 255 255 255 255 255 255 255 255 255 255 253 106  64  68  67  64
 255 255 255 255 255 255 255 255 255 255 254 112  67  69  67  65
 255 255 255 255 255 255 255 255 255 255 255 124  69  71  71  70
 255 255 255 255 255 255 255 255 255 254 250 152  92 109 108 118
 255 255 255 255 255 255 255 255 255 255 252 251 251 252 254 255
 255 255 255 255 255 255 255 255 255 255 255 255 255 255 255 255
 255 255 255 255 255 255 255 255 255 255 255 255 255 255 255 255
 255 255 255 255 255 255 255 255 255 255 255 255 255 255 255 255
 255 255 255 255 255 255 255 255 255 255 255 255 255 255 255 255

 254 254 253 252 139  81  74  70  72  76 119 254 254 254 254 254
 254 254 254 254 150  79  78  76  74  71 115 254 254 254 254 254
 254 254 254 252 140  82  84  81  75  75 127 254 254 254 254 254
 254 254 254 252 146  79  82  81  78  82 122 254 254 254 254 254
 249 247 251 249 158 113 105 114 119 131 164 253 254 254 254 254
  45  39  40  40 213 254 252 251 253 253 248 254 254 254 254 254
  78  78  75  67 222 252 253 254 253 253 253 254 254 254 254 254
  76  78  76  69 227 253 254 254 254 254 254 254 254 254 254 254
  76  77  78  64 222 252 254 254 254 254 254 254 254 254 254 254
  75  75  76  67 224 252 254 254 254 254 254 254 254 254 254 254
  74  75  75  69 202 250 254 254 254 254 254 254 254 254 254 254
  70  75  77  73 224 252 254 254 254 254 254 254 254 254 254 254
  69  74  75  67 217 254 254 254 254 254 254 254 254 254 254 254
  75  74  74  72 209 253 254 254 254 254 254 254 254 254 254 254
  72  75  77  63 205 254 254 254 254 254 254 254 254 254 254 254
  69  75  73  73 213 253 254 254 254 254 254 254 253 253 253 252
 255 255 255 255 132  76  76  74  75  76 124 255 255 255 255 255
 255 255 255 255 137  80  79  76  77  82 116 255 255 255 255 255
 255 255 255 254 133  81  79  77  79  84 121 255 255 255 255 255
 255 255 255 254 143  76  75  74  76  78 110 255 255 255 255 255
 250 247 252 249 154 108 103 117 119 129 165 253 255 255 255 255
  42  39  43  39 209 255 254 255 255 255 254 255 255 255 255 255
  75  77  78  72 220 255 255 255 255 255 255 255 255 255 255 255
  73  76  77  69 220 255 255 255 255 255 255 255 255 255 255 255
  75  75  76  73 212 255 255 255 255 255 255 255 255 255 255 255
  74  73  74  69 219 255 255 255 255 255 255 255 255 255 255 255
  73  73  73  69 206 254 255 255 255 255 255 255 255 255 255 255
  73  73  74  68 218 255 255 255 255 255 255 255 255 255 255 255
  73  72  72  64 208 255 255 255 255 255 255 255 255 255 255 255
  73  72  72  68 210 254 255 255 255 255 255 255 255 255 255 255
  71  73  74  69 207 255 255 255 255 255 255 255 255 255 255 255
  69  73  71  68 204 255 255 255 255 255 255 255 255 255 255 255
 255 255 255 255 127  74  65  64  65  70 118 255 255 255 255 255
 255 255 254 254 125  74  70  67  67  71 108 254 255 255 255 255
 255 255 255 252 126  72  71  68  69  71 109 252 255 255 255 255
 255 255 255 253 138  68  65  64  67  69  92 251 255 255 255 255
 249 245 249 240 145 105  96 106 112 124 152 251 255 255 255 255
  39  32  34  31 203 254 253 253 254 255 250 252 255 255 255 255
  71  71  69  65 219 255 255 255 255 255 254 255 255 255 255 255
  69  70  68  61 214 254 255 255 255 255 255 255 255 255 255 255
  67  66  68  61 206 253 255 255 255 255 255 255 255 255 255 255
  66  64  65  61 217 254 255 255 255 255 255 255 255 255 255 255
  66  64  65  62 206 252 255 255 255 255 255 255 255 255 255 255
  64  64  69  63 210 253 255 255 255 255 255 255 255 255 255 255
  63  63  66  60 189 254 255 255 255 255 255 255 255 255 255 255
  64  63  65  64 206 252 255 255 255 255 255 255 255 255 255 255
  64  64  61  62 202 254 255 255 255 255 255 255 255 255 255 255
  61  64  65  69 197 254 255 255 255 255 255 255 255 255 255 255

 254 254 254 254 254 254 254 254 254 254 254 254 254 254 254 252
 254 254 254 254 254 254 254 254 254 254 254 254 254 254 254 253
 254 254 254 254 254 254 254 254 254 254 254 254 254 254 254 253
 254 254 254 254 254 254 254 254 254 254 254 254 254 254 254 253
 254 254 254 254 253 254 254 254 254 254 254 254 254 254 254 254
 119 115 127 122 164 248 253 254 254 254 254 254 254 254 254 254
  76  71  75  82 131 253 253 254 254 254 254 254 254 254 254 254
  72  74  75  78 119 253 253 254 254 254 254 254 254 254 254 254
  70  76  81  81 114 251 254 254 254 254 254 254 254 254 254 254
  74  78  84  82 105 252 253 254 254 254 254 254 254 254 254 254
  81  79  82  79 113 254 252 253 252 252 250 252 254 253 254 253
 139 150 140 146 158 213 222 227 222 224 202 224 217 209 205 213
 252 254 252 252 249  40  67  69  64  67  69  73  67  72  63  73
 253 254 254 254 251  40  75  76  78  76  75  77  75  74  77  73
 254 254 254 254 247  39  78  78  77  75  75  75  74  74  75  75
 254 254 254 254 249  45  78  76  76  75  74  70  69  75  72  69
 255 255 255 255 255 255 255 255 255 255 255 255 255 255 255 255
 255 255 255 255 255 255 255 255 255 255 255 255 255 255 255 255
 255 255 255 255 255 255 255 255 255 255 255 255 255 255 255 255
 255 255 255 255 255 255 255 255 255 255 255 255 255 255 255 255
 255 255 255 255 253 255 255 255 255 255 255 255 255 255 255 255
 124 116 121 110 165 254 255 255 255 255 255 255 255 255 255 255
  76  82  84  78 129 255 255 255 255 255 255 255 255 255 255 255
  75  77  79  76 119 255 255 255 255 255 255 255 255 255 255 255
  74  76  77  74 117 255 255 255 255 255 255 255 255 255 255 255
  76  79  79  75 103 254 255 255 255 255 255 255 255 255 255 255
  76  80  81  76 108 255 255 255 255 255 254 255 255 254 255 255
 132 137 133 143 154 209 220 220 212 219 206 218 208 210 207 204
 255 255 254 254 249  39  72  69  73  69  69  68  64  68  69  68
 255 255 255 255 252  43  78  77  76  74  73  74  72  72  74  71
 255 255 255 255 247  39  77  76  75  73  73  73  72  72  73  73
 255 255 255 255 250  42  75  73  75  74  73  73  73  73  71  69
 255 255 255 255 255 255 255 255 255 255 255 255 255 255 255 255
 255 255 255 255 255 255 255 255 255 255 255 255 255 255 255 255
 255 255 255 255 255 255 255 255 255 255 255 255 255 255 255 255
 255 255 255 255 255 255 255 255 255 255 255 255 255 255 255 255
 255 254 252 251 251 252 255 255 255 255 255 255 255 255 255 255
 118 108 109  92 152 250 254 255 255 255 255 255 255 255 255 255
  70  71  71  69 124 255 255 255 255 255 255 255 255 255 255 255
  65  67  69  67 112 254 255 255 255 255 255 255 255 255 255 255
  64  67  68  64 106 253 255 255 255 255 255 255 255 255 255 255
  65  70  71  65  96 253 255 255 255 255 255 255 255 255 255 255
  74  74  72  68 105 254 255 254 253 254 252 253 254 252 254 254
 127 125 126 138 145 203 219 214 206 217 206 210 189 206 202 197
 255 254 252 253 240  31  65  61  61  61  62  63  60  64  62  69
 255 254 255 255 249  34  69  68  68  65  65  69  66  65  61  65
 255 255 255 255 245  32  71  70  66  64  64  64  63  63  64  64
 255 255 255 255 249  39  71  69  67  66  66  64  63  64  64  61

 252 253 253 253 254 254 254 254 254 254 253 213  73  73  75  69
 254 254 254 254 254 254 254 254 254 254 254 205  63  77  75  72
 254 254 254 254 254 254 254 254 254 254 253 209  72  74  74  75
 254 254 254 254 254 254 254 254 254 254 254 217  67  75  74  69
 254 254 254 254 254 254 254 254 254 254 252 224  73  77  75  70
 254 254 254 254 254 254 254 254 254 254 250 202  69  75  75  74
 254 254 254 254 254 254 254 254 254 254 252 224  67  76  75  75
 254 254 254 254 254 254 254 254 254 254 252 222  64  78  77  76
 254 254 254 254 254 254 254 254 254 254 253 227  69  76  78  76
 254 254 254 254 254 253 253 253 254 253 252 222  67  75  78  78
 254 254 254 254 254 248 253 253 251 252 254 213  40  40  39  45
 254 254 254 254 253 164 131 119 114 105 113 158 249 251 247 249
 254 254 254 254 254 122  82  78  81  82  79 146 252 254 254 254
 254 254 254 254 254 127  75  75  81  84  82 140 252 254 254 254
 254 254 254 254 254 115  71  74  76  78  79 150 254 254 254 254
 254 254 254 254 254 119  76  72  70  74  81 139 252 253 254 254
 255 255 255 255 255 255 255 255 255 255 255 204  68  71  73  69
 255 255 255 255 255 255 255 255 255 255 255 207  69  74  73  71
 255 255 255 255 255 255 255 255 255 255 254 210  68  72  72  73
 255 255 255 255 255 255 255 255 255 255 255 208  64  72  72  73
 255 255 255 255 255 255 255 255 255 255 255 218  68  74  73  73
 255 255 255 255 255 255 255 255 255 255 254 206  69  73  73  73
 255 255 255 255 255 255 255 255 255 255 255 219  69  74  73  74
 255 255 255 255 255 255 255 255 255 255 255 212  73  76  75  75
 255 255 255 255 255 255 255 255 255 255 255 220  69  77  76  73
 255 255 255 255 255 255 255 255 255 255 255 220  72  78  77  75
 255 255 255 255 255 254 255 255 255 254 255 209  39  43  39  42
 255 255 255 255 253 165 129 119 117 103 108 154 249 252 247 250
 255 255 255 255 255 110  78  76  74  75  76 143 254 255 255 255
 255 255 255 255 255 121  84  79  77  79  81 133 254 255 255 255
 255 255 255 255 255 116  82  77  76  79  80 137 255 255 255 255
 255 255 255 255 255 124  76  75  74  76  76 132 255 255 255 255
 255 255 255 255 255 255 255 255 255 255 254 197  69  65  64  61
 255 255 255 255 255 255 255 255 255 255 254 202  62  61  64  64
 255 255 255 255 255 255 255 255 255 255 252 206  64  65  63  64
 255 255 255 255 255 255 255 255 255 255 254 189  60  66  63  63
 255 255 255 255 255 255 255 255 255 255 253 210  63  69  64  64
 255 255 255 255 255 255 255 255 255 255 252 206  62  65  64  66
 255 255 255 255 255 255 255 255 255 255 254 217  61  65  64  66
 255 255 255 255 255 255 255 255 255 255 253 206  61  68  66  67
 255 255 255 255 255 255 255 255 255 255 254 214  61  68  70  69
 255 255 255 255 255 254 255 255 255 255 255 219  65  69  71  71
 255 255 255 255 252 250 255 254 253 253 254 203  31  34  32  39
 255 255 255 255 251 152 124 112 106  96 105 145 240 249 245 249
 255 255 255 255 251  92  69  67  64  65  68 138 253 255 255 255
 255 255 255 255 252 109  71  69  68  71  72 126 252 255 255 255
 255 255 255 255 254 108  71  67  67  70  74 125 254 254 255 255
 255 255 255 255 255 118  70  65  64  65  74 127 255 255 255 255

