  77  78  78  78  81  83  80  80  82  81  74 105 253 254 254 254
  80  81  82  75  75  75  77  81  83  81  76 105 253 253 254 254
  74  77  76  75  76  79  81  83  80  78  80 119 253 253 254 254
  86  82  76  73  77  81  83  82  81  79  76 109 254 254 254 254
  82  85  81  76  76  76  76  79  79  80  75 101 254 254 254 254
  79  88  86  74  76  77  77  79  80  82  79 102 254 252 253 254
  79  80  80  80  80  80  80  77  78  82  80  93 254 252 253 254
  83  80  81  80  79  79  80  80  85  85  84  99 254 253 253 254
  79  88  88  84  82  81  81  82  85  86  88  88 255 253 252 254
  81  93  89  82  83  87  85  86  88  89  89  87 253 254 252 254
  95  96  86 118  95 100  95 120 111 109 110 123 254 254 252 253
 252 252 254 254 252 253 253 251 249 254 254 254 254 254 253 253
 250 252 254 254 254 254 251 254 254 254 254 254 254 254 254 254
 254 254 254 254 254 254 254 254 254 254 254 254 254 254 254 254
 254 254 254 254 254 254 254 254 254 254 254 254 254 254 254 254
 254 254 254 254 254 254 254 254 254 254 254 254 254 254 254 254
  75  77  77  77  77  78  77  78  79  80  76 108 253 255 255 255
  74  76  77  77  77  77  76  77  79  79  78 106 254 255 255 255
  75  76  78  78  78  77  76  76  78  81  75 118 255 255 255 255
  76  76  78  79  80  77  76  76  78  82  76 110 255 255 255 255
  76  77  80  80  80  80  80  80  80  82  77 102 255 255 255 255
  75  77  81  82  79  79  79  80  82  84  79  99 255 255 255 255
  77  79  80  79  79  79  79  78  80  84  80  90 254 255 255 255
  77  79  80  81  80  81  82  81  83  83  83  94 253 255 255 255
  79  76  81  83  84  85  84  83  83  85  87  83 255 255 255 255
  84  86  86  85  87  85  83  84  87  87  87  83 253 255 255 255
  83  97  77 107  93  99  87 103  99  97  98 113 254 255 255 255
 255 254 254 255 254 253 253 254 253 254 254 253 254 255 255 255
 255 255 255 255 255 255 255 255 255 255 255 255 255 255 255 255
 255 255 255 255 255 255 255 255 255 255 255 255 255 255 255 255
 255 255 255 255 255 255 255 255 255 255 255 255 255 255 255 255
 255 255 255 255 255 255 255 255 255 255 255 255 255 255 255 255
  66  68  69  69  67  64  68  71  73  73  67 101 249 254 255 255
  66  68  69  72  72  72  72  73  75  74  69  99 252 254 255 255
  66  67  69  71  71  70  70  73  73  76  71 115 254 254 255 255
  69  69  69  69  70  69  69  73  74  77  71 106 254 255 255 255
  68  68  70  70  70  70  70  75  75  77  72 100 254 254 255 255
  66  67  71  70  70  70  70  74  77  79  73  92 250 251 254 255
  68  67  68  68  70  70  70  72  75  79  74  83 251 253 254 255
  68  68  69  67  70  71  73  72  75  75  74  91 252 255 255 255
  71  73  74  73  75  75  75  74  75  76  78  79 253 255 255 255
  70  64  79  80  77  76  75  76  78  78  78  78 250 255 255 255
  68  85  68  93  80  90  76  83  91  91  86 101 252 254 255 255
 254 254 251 255 254 252 250 249 251 252 248 246 252 255 255 255
 255 255 255 255 255 253 254 254 254 255 255 255 255 255 255 255
 255 255 255 255 255 255 255 255 255 255 255 255 255 255 255 255
 255 255 255 255 255 255 255 255 255 255 255 255 255 255 255 255
 255 255 255 255 255 255 255 255 255 255 255 255 255 255 255 255

 254 254 254 254 254 254 254 254 254 254 253 253 254 254 254 254
 254 254 254 254 254 253 253 253 252 252 252 253 254 254 254 254
 254 253 253 254 254 252 252 253 253 254 254 254 254 254 254 254
 253 253 253 254 254 254 254 254 255 253 254 254 254 254 254 254
 105 105 119 109 101 102  93  99  88  87 123 254 254 254 254 254
  74  76  80  76  75  79  80  84  88  89 110 254 254 254 254 254
  81  81  78  79  80  82  82  85  86  89 109 254 254 254 254 254
  82  83  80  81  79  80  78  85  85  88 111 249 254 254 254 254
  80  81  83  82  79  79  77  80  82  86 120 251 254 254 254 254
  80  77  81  83  76  77  80  80  81  85  95 253 251 254 254 254
  83  75  79  81  76  77  80  79  81  87 100 253 254 254 254 254
  81  75  76  77  76  76  80  79  82  83  95 252 254 254 254 254
  78  75  75  73  76  74  80  80  84  82 118 254 254 254 254 254
  78  82  76  76  81  86  80  81  88  89  86 254 254 254 254 254
  78  81  77  82  85  88  80  80  88  93  96 252 252 254 254 254
  77  80  74  86  82  79  79  83  79  81  95 252 250 254 254 254
 255 255 255 255 255 255 255 255 255 255 255 255 255 255 255 255
 255 255 255 255 255 255 255 255 255 255 255 255 255 255 255 255
 255 255 255 255 255 255 255 255 255 255 255 255 255 255 255 255
 253 254 255 255 255 255 254 253 255 253 254 254 255 255 255 255
 108 106 118 110 102  99  90  94  83  83 113 253 255 255 255 255
  76  78  75  76  77  79  80  83  87  87  98 254 255 255 255 255
  80  79  81  82  82  84  84  83  85  87  97 254 255 255 255 255
  79  79  78  78  80  82  80  83  83  87  99 253 255 255 255 255
  78  77  76  76  80  80  78  81  83  84 103 254 255 255 255 255
  77  76  76  76  80  79  79  82  84  83  87 253 255 255 255 255
  78  77  77  77  80  79  79  81  85  85  99 253 255 255 255 255
  77  77  78  80  80  79  79  80  84  87  93 254 255 255 255 255
  77  77  78  79  80  82  79  81  83  85 107 255 255 255 255 255
  77  77  78  78  80  81  80  80  81  86  77 254 255 255 255 255
  77  76  76  76  77  77  79  79  76  86  97 254 255 255 255 255
  75  74  75  76  76  75  77  77  79  84  83 255 255 255 255 255
 255 255 255 255 255 255 255 255 255 255 255 255 255 255 255 255
 255 255 255 255 255 254 254 255 255 255 255 255 255 255 255 255
 254 254 254 255 254 251 253 255 255 255 254 255 255 255 255 255
 249 252 254 254 254 250 251 252 253 250 252 252 255 255 255 255
 101  99 115 106 100  92  83  91  79  78 101 246 255 255 255 255
  67  69  71  71  72  73  74  74  78  78  86 248 255 255 255 255
  73  74  76  77  77  79  79  75  76  78  91 252 255 255 255 255
  73  75  73  74  75  77  75  75  75  78  91 251 254 255 255 255
  71  73  73  73  75  74  72  72  74  76  83 249 254 255 255 255
  68  72  70  69  70  70  70  73  75  75  76 250 254 255 255 255
  64  72  70  69  70  70  70  71  75  76  90 252 253 255 255 255
  67  72  71  70  70  70  70  70  75  77  80 254 255 255 255 255
  69  72  71  69  70  70  68  67  73  80  93 255 255 255 255 255
  69  69  69  69  70  71  68  69  74  79  68 251 255 255 255 255
  68  68  67  69  68  67  67  68  73  64  85 254 255 255 255 255
  66  66  66  69  68  66  68  68  71  70  68 254 255 255 255 255

 254 254 254 254 254 254 254 254 254 254 254 254 254 254 254 254
 254 254 254 254 254 254 254 254 254 254 254 254 254 254 254 254
 254 254 254 254 254 254 254 254 254 254 254 254 254 254 254 254
 254 254 254 254 254 254 254 254 254 251 254 254 254 254 252 250
 253 253 254 254 254 254 254 249 251 253 253 252 254 254 252 252
 253 252 254 254 123 110 109 111 120  95 100  95 118  86  96  95
 254 252 254 253  87  89  89  88  86  85  87  83  82  89  93  81
 254 252 253 255  88  88  86  85  82  81  81  82  84  88  88  79
 254 253 253 254  99  84  85  85  80  80  79  79  80  81  80  83
 254 253 252 254  93  80  82  78  77  80  80  80  80  80  80  79
 254 253 252 254 102  79  82  80  79  77  77  76  74  86  88  79
 254 254 254 254 101  75  80  79  79  76  76  76  76  81  85  82
 254 254 254 254 109  76  79  81  82  83  81  77  73  76  82  86
 254 254 253 253 119  80  78  80  83  81  79  76  75  76  77  74
 254 254 253 253 105  76  81  83  81  77  75  75  75  82  81  80
 254 254 254 253 105  74  81  82  80  80  83  81  78  78  78  77
 255 255 255 255 255 255 255 255 255 255 255 255 255 255 255 255
 255 255 255 255 255 255 255 255 255 255 255 255 255 255 255 255
 255 255 255 255 255 255 255 255 255 255 255 255 255 255 255 255
 255 255 255 255 255 255 255 255 255 255 255 255 255 255 255 255
 255 255 255 254 253 254 254 253 254 253 253 254 255 254 254 255
 255 255 255 254 113  98  97  99 103  87  99  93 107  77  97  83
 255 255 255 253  83  87  87  87  84  83  85  87  85  86  86  84
 255 255 255 255  83  87  85  83  83  84  85  84  83  81  76  79
 255 255 255 253  94  83  83  83  81  82  81  80  81  80  79  77
 255 255 255 254  90  80  84  80  78  79  79  79  79  80  79  77
 255 255 255 255  99  79  84  82  80  79  79  79  82  81  77  75
 255 255 255 255 102  77  82  80  80  80  80  80  80  80  77  76
 255 255 255 255 110  76  82  78  76  76  77  80  79  78  76  76
 255 255 255 255 118  75  81  78  76  76  77  78  78  78  76  75
 255 255 255 254 106  78  79  79  77  76  77  77  77  77  76  74
 255 255 255 253 108  76  80  79  78  77  78  77  77  77  77  75
 255 255 255 255 255 255 255 255 255 255 255 255 255 255 255 255
 255 255 255 255 255 255 255 255 255 255 255 255 255 255 255 255
 255 255 255 255 255 255 255 255 255 255 255 255 255 255 255 255
 255 255 255 255 255 255 255 254 254 254 253 255 255 255 255 255
 255 255 255 252 246 248 252 251 249 250 252 254 255 251 254 254
 255 255 254 252 101  86  91  91  83  76  90  80  93  68  85  68
 255 255 255 250  78  78  78  78  76  75  76  77  80  79  64  70
 255 255 255 253  79  78  76  75  74  75  75  75  73  74  73  71
 255 255 255 252  91  74  75  75  72  73  71  70  67  69  68  68
 255 254 253 251  83  74  79  75  72  70  70  70  68  68  67  68
 255 254 251 250  92  73  79  77  74  70  70  70  70  71  67  66
 255 255 254 254 100  72  77  75  75  70  70  70  70  70  68  68
 255 255 255 254 106  71  77  74  73  69  69  70  69  69  69  69
 255 255 254 254 115  71  76  73  73  70  70  71  71  69  67  66
 255 255 254 252  99  69  74  75  73  72  72  72  72  69  68  66
 255 255 254 249 101  67  73  73  71  68  64  67  69  69  68  66

 254 254 254 250 252  95  81  79  83  79  79  82  86  74  80  77
 254 254 254 252 252  96  93  88  80  80  88  85  82  77  81  78
 254 254 254 254 254  86  89  88  81  80  86  81  76  76  82  78
 254 254 254 254 254 118  82  84  80  80  74  76  73  75  75  78
 254 254 254 254 252  95  83  82  79  80  76  76  77  76  75  81
 254 254 254 254 253 100  87  81  79  80  77  76  81  79  75  83
 254 254 254 251 253  95  85  81  80  80  77  76  83  81  77  80
 254 254 254 254 251 120  86  82  80  77  79  79  82  83  81  80
 254 254 254 254 249 111  88  85  85  78  80  79  81  80  83  82
 254 254 254 254 254 109  89  86  85  82  82  80  79  78  81  81
 254 254 254 254 254 110  89  88  84  80  79  75  76  80  76  74
 254 254 254 254 254 123  87  88  99  93 102 101 109 119 105 105
 254 254 254 254 254 254 253 255 254 254 254 254 254 253 253 253
 254 254 254 254 254 254 254 253 253 252 252 254 254 253 253 254
 254 254 254 254 253 252 252 252 253 253 253 254 254 254 254 254
 254 254 254 254 253 253 254 254 254 254 254 254 254 254 254 254
 255 255 255 255 255  83  84  79  77  77  75  76  76  75  74  75
 255 255 255 255 254  97  86  76  79  79  77  77  76  76  76  77
 255 255 255 255 254  77  86  81  80  80  81  80  78  78  77  77
 255 255 255 255 255 107  85  83  81  79  82  80  79  78  77  77
 255 255 255 255 254  93  87  84  80  79  79  80  80  78  77  77
 255 255 255 255 253  99  85  85  81  79  79  80  77  77  77  78
 255 255 255 255 253  87  83  84  82  79  79  80  76  76  76  77
 255 255 255 255 254 103  84  83  81  78  80  80  76  76  77  78
 255 255 255 255 253  99  87  83  83  80  82  80  78  78  79  79
 255 255 255 255 254  97  87  85  83  84  84  82  82  81  79  80
 255 255 255 255 254  98  87  87  83  80  79  77  76  75  78  76
 255 255 255 255 253 113  83  83  94  90  99 102 110 118 106 108
 255 255 255 255 254 254 253 255 253 254 255 255 255 255 254 253
 255 255 255 255 255 255 255 255 255 255 255 255 255 255 255 255
 255 255 255 255 255 255 255 255 255 255 255 255 255 255 255 255
 255 255 255 255 255 255 255 255 255 255 255 255 255 255 255 255
 255 255 255 255 254  68  70  71  68  68  66  68  69  66  66  66
 255 255 255 255 254  85  64  73  68  67  67  68  69  67  68  68
 255 255 255 255 251  68  79  74  69  68  71  70  69  69  69  69
 255 255 255 255 255  93  80  73  67  68  70  70  69  71  72  69
 255 255 255 255 254  80  77  75  70  70  70  70  70  71  72  67
 255 255 255 253 252  90  76  75  71  70  70  70  69  70  72  64
 255 255 255 254 250  76  75  75  73  70  70  70  69  70  72  68
 255 255 255 254 249  83  76  74  72  72  74  75  73  73  73  71
 255 255 255 254 251  91  78  75  75  75  77  75  74  73  75  73
 255 255 255 255 252  91  78  76  75  79  79  77  77  76  74  73
 255 255 255 255 248  86  78  78  74  74  73  72  71  71  69  67
 255 255 255 255 246 101  78  79  91  83  92 100 106 115  99 101
 255 255 255 255 252 252 250 253 252 251 250 254 254 254 252 249
 255 255 255 255 255 254 255 255 255 253 251 254 255 254 254 254
 255 255 255 255 255 255 255 255 255 254 254 255 255 255 255 255
 255 255 255 255 255 255 255 255 255 255 255 255 255 255 255 255

