  27  26  28  26  30  31  30  27  24  29  21 170 169 178 181 179
  25  25  31  32  30  31  32  29  32  33  21 187 194 196 197 200
  25  26  28  27  31  33  30  28  29  31  20 189 199 198 198 198
  24  24  26  26  32  34  30  23  27  31  21 188 197 199 198 200
  21  23  30  31  25  28  31  30  28  27  19 180 194 196 197 201
  21  23  25  27  26  22  29  35  30  31  18 185 196 194 193 196
  26  26  26  31  26  25  30  28  26  24  12 184 191 191 189 193
  25  23  29  30  31  27  24  28  31  29  19 176 191 192 191 194
  25  24  28  31  31  34  32  31  28  26  15 175 190 194 190 195
  25  31  32  33  33  32  31  31  29  29  19 184 192 190 189 193
  74 158 152 160 150 137 126 127 147 142 134 178 191 190 190 195
  71 190 193 193 196 194 197 199 196 193 194 194 197 191 192 198
  87 182 189 196 189 192 195 196 197 195 193 193 198 197 193 193
  69 180 189 193 191 189 190 191 194 194 195 195 193 192 191 196
  80 178 186 187 189 189 191 195 192 190 192 196 196 190 191 195
  48 120 131 133 127 131 134 142 135 132 128 130 135 132 126 121
  23  24  24  23  24  24  24  23  24  24  14 160 160 164 166 161
  22  23  23  23  23  24  24  23  25  25  13 176 178 178 179 182
  22  22  22  25  24  23  24  24  24  25  13 174 180 179 179 181
  22  22  23  22  23  24  23  23  24  26  13 178 180 180 180 184
  21  22  22  22  23  23  24  23  25  26  14 173 179 180 180 184
  22  22  22  23  24  24  24  24  24  24  12 174 176 176 176 180
  22  20  24  23  23  23  23  24  26  25  11 175 175 175 173 179
  20  22  22  22  23  23  24  24  24  24  12 165 173 173 173 178
  22  22  24  24  24  24  24  25  25  25  13 170 172 173 171 178
  25  26  25  26  28  26  25  26  27  28  16 173 171 170 169 176
  68 147 139 143 130 118 119 118 128 121 120 167 172 170 171 178
  64 171 170 173 173 174 174 175 176 175 176 177 176 176 176 182
  81 169 170 171 173 173 172 173 174 175 175 175 175 175 175 178
  64 166 168 168 170 169 169 170 171 173 173 172 172 173 174 177
  75 163 165 166 167 168 168 169 169 170 169 171 170 171 171 177
  45 109 115 113 117 119 113 125 113 121 120 117 122 108 114 115
  21  21  22  23  21  18  20  22  22  23  12 155 150 149 153 151
  20  20  22  22  21  20  22  24  22  22  11 168 164 165 162 164
  20  20  21  22  20  18  22  24  23  23  12 166 163 165 166 169
  20  20  20  22  21  20  21  22  22  23  12 170 164 166 165 171
  19  20  18  17  19  20  22  22  22  23  11 166 164 164 163 170
  19  20  20  20  20  20  20  22  22  23  11 167 162 159 160 165
  21  19  21  21  20  21  21  22  23  22   9 168 158 158 156 166
  19  20  21  21  21  20  19  21  23  22  12 160 158 158 156 165
  20  20  21  22  21  21  20  22  23  23  11 159 154 155 157 165
  23  23  22  23  24  23  22  25  25  26  15 167 157 157 155 162
  67 139 116 134 123 113 116 107 119 115 116 161 156 158 156 164
  60 160 156 154 154 155 158 158 158 160 161 160 159 158 161 166
  78 158 156 155 158 158 157 156 157 157 160 162 160 160 160 163
  64 156 155 156 157 157 158 155 155 156 158 159 158 158 160 163
  69 153 153 154 156 156 154 151 153 156 155 156 156 156 158 163
  41 104 113 103 105 110 106 113 100 112 114 110 116  95 105 110

 179 200 198 200 201 196 193 194 195 193 195 198 193 196 195 121
 181 197 198 198 197 193 189 191 190 189 190 192 193 191 191 126
 178 196 198 199 196 194 191 192 194 190 190 191 197 192 190 132
 169 194 199 197 194 196 191 191 190 192 191 197 198 193 196 135
 170 187 189 188 180 185 184 176 175 184 178 194 193 195 196 130
  21  21  20  21  19  18  12  19  15  19 134 194 193 195 192 128
  29  33  31  31  27  31  24  29  26  29 142 193 195 194 190 132
  24  32  29  27  28  30  26  31  28  29 147 196 197 194 192 135
  27  29  28  23  30  35  28  28  31  31 127 199 196 191 195 142
  30  32  30  30  31  29  30  24  32  31 126 197 195 190 191 134
  31  31  33  34  28  22  25  27  34  32 137 194 192 189 189 131
  30  30  31  32  25  26  26  31  31  33 150 196 189 191 189 127
  26  32  27  26  31  27  31  30  31  33 160 193 196 193 187 133
  28  31  28  26  30  25  26  29  28  32 152 193 189 189 186 131
  26  25  26  24  23  23  26  23  24  31 158 190 182 180 178 120
  27  25  25  24  21  21  26  25  25  25  74  71  87  69  80  48
 161 182 181 184 184 180 179 178 178 176 178 182 178 177 177 115
 166 179 179 180 180 176 173 173 171 169 171 176 175 174 171 114
 164 178 179 180 180 176 175 173 173 170 170 176 175 173 171 108
 160 178 180 180 179 176 175 173 172 171 172 176 175 172 170 122
 160 176 174 178 173 174 175 165 170 173 167 177 175 172 171 117
  14  13  13  13  14  12  11  12  13  16 120 176 175 173 169 120
  24  25  25  26  26  24  25  24  25  28 121 175 175 173 170 121
  24  25  24  24  25  24  26  24  25  27 128 176 174 171 169 113
  23  23  24  23  23  24  24  24  25  26 118 175 173 170 169 125
  24  24  24  23  24  24  23  24  24  25 119 174 172 169 168 113
  24  24  23  24  23  24  23  23  24  26 118 174 173 169 168 119
  24  23  24  23  23  24  23  23  24  28 130 173 173 170 167 117
  23  23  25  22  22  23  23  22  24  26 143 173 171 168 166 113
  24  23  22  23  22  22  24  22  24  25 139 170 170 168 165 115
  24  23  22  22  22  22  20  22  22  26 147 171 169 166 163 109
  23  22  22  22  21  22  22  20  22  25  68  64  81  64  75  45
 151 164 169 171 170 165 166 165 165 162 164 166 163 163 163 110
 153 162 166 165 163 160 156 156 157 155 156 161 160 160 158 105
 149 165 165 166 164 159 158 158 155 157 158 158 160 158 156  95
 150 164 163 164 164 162 158 158 154 157 156 159 160 158 156 116
 155 168 166 170 166 167 168 160 159 167 161 160 162 159 156 110
  12  11  12  12  11  11   9  12  11  15 116 161 160 158 155 114
  23  22  23  23  23  23  22  22  23  26 115 160 157 156 156 112
  22  22  23  22  22  22  23  23  23  25 119 158 157 155 153 100
  22  24  24  22  22  22  22  21  22  25 107 158 156 155 151 113
  20  22  22  21  22  20  21  19  20  22 116 158 157 158 154 106
  18  20  18  20  20  20  21  20  21  23 113 155 158 157 156 110
  21  21  20  21  19  20  20  21  21  24 123 154 158 157 156 105
  23  22  22  22  17  20  21  21  22  23 134 154 155 156 154 103
  22  22  21  20  18  20  21  21  21  22 116 156 156 155 153 113
  21  20  20  20  20  20  19  20  20  23 139 160 158 156 153 104
  21  20  20  20  19  19  21  19  20  23  67  60  78  64  69  41

 121 126 132 135 130 128 132 135 142 134 131 127 133 131 120  48
 195 191 190 196 196 192 190 192 195 191 189 189 187 186 178  80
 196 191 192 193 195 195 194 194 191 190 189 191 193 189 180  69
 193 193 197 198 193 193 195 197 196 195 192 189 196 189 182  87
 198 192 191 197 194 194 193 196 199 197 194 196 193 193 190  71
 195 190 190 191 178 134 142 147 127 126 137 150 160 152 158  74
 193 189 190 192 184  19  29  29  31  31  32  33  33  32  31  25
 195 190 194 190 175  15  26  28  31  32  34  31  31  28  24  25
 194 191 192 191 176  19  29  31  28  24  27  31  30  29  23  25
 193 189 191 191 184  12  24  26  28  30  25  26  31  26  26  26
 196 193 194 196 185  18  31  30  35  29  22  26  27  25  23  21
 201 197 196 194 180  19  27  28  30  31  28  25  31  30  23  21
 200 198 199 197 188  21  31  27  23  30  34  32  26  26  24  24
 198 198 198 199 189  20  31  29  28  30  33  31  27  28  26  25
 200 197 196 194 187  21  33  32  29  32  31  30  32  31  25  25
 179 181 178 169 170  21  29  24  27  30  31  30  26  28  26  27
 115 114 108 122 117 120 121 113 125 113 119 117 113 115 109  45
 177 171 171 170 171 169 170 169 169 168 168 167 166 165 163  75
 177 174 173 172 172 173 173 171 170 169 169 170 168 168 166  64
 178 175 175 175 175 175 175 174 173 172 173 173 171 170 169  81
 182 176 176 176 177 176 175 176 175 174 174 173 173 170 171  64
 178 171 170 172 167 120 121 128 118 119 118 130 143 139 147  68
 176 169 170 171 173  16  28  27  26  25  26  28  26  25  26  25
 178 171 173 172 170  13  25  25  25  24  24  24  24  24  22  22
 178 173 173 173 165  12  24  24  24  24  23  23  22  22  22  20
 179 173 175 175 175  11  25  26  24  23  23  23  23  24  20  22
 180 176 176 176 174  12  24  24  24  24  24  24  23  22  22  22
 184 180 180 179 173  14  26  25  23  24  23  23  22  22  22  21
 184 180 180 180 178  13  26  24  23  23  24  23  22  23  22  22
 181 179 179 180 174  13  25  24  24  24  23  24  25  22  22  22
 182 179 178 178 176  13  25  25  23  24  24  23  23  23  23  22
 161 166 164 160 160  14  24  24  23  24  24  24  23  24  24  23
 110 105  95 116 110 114 112 100 113 106 110 105 103 113 104  41
 163 158 156 156 156 155 156 153 151 154 156 156 154 153 153  69
 163 160 158 158 159 158 156 155 155 158 157 157 156 155 156  64
 163 160 160 160 162 160 157 157 156 157 158 158 155 156 158  78
 166 161 158 159 160 161 160 158 158 158 155 154 154 156 160  60
 164 156 158 156 161 116 115 119 107 116 113 123 134 116 139  67
 162 155 157 157 167  15  26  25  25  22  23  24  23  22  23  23
 165 157 155 154 159  11  23  23  22  20  21  21  22  21  20  20
 165 156 158 158 160  12  22  23  21  19  20  21  21  21  20  19
 166 156 158 158 168   9  22  23  22  21  21  20  21  21  19  21
 165 160 159 162 167  11  23  22  22  20  20  20  20  20  20  19
 170 163 164 164 166  11  23  22  22  22  20  19  17  18  20  19
 171 165 166 164 170  12  23  22  22  21  20  21  22  20  20  20
 169 166 165 163 166  12  23  23  24  22  18  20  22  21  20  20
 164 162 165 164 168  11  22  22  24  22  20  21  22  22  20  20
 151 153 149 150 155  12  23  22  22  20  18  21  23  22  21  21

  48  80  69  87  71  74  25  25  25  26  21  21  24  25  25  27
 120 178 180 182 190 158  31  24  23  26  23  23  24  26  25  26
 131 186 189 189 193 152  32  28  29  26  25  30  26  28  31  28
 133 187 193 196 193 160  33  31  30  31  27  31  26  27  32  26
 127 189 191 189 196 150  33  31  31  26  26  25  32  31  30  30
 131 189 189 192 194 137  32  34  27  25  22  28  34  33  31  31
 134 191 190 195 197 126  31  32  24  30  29  31  30  30  32  30
 142 195 191 196 199 127  31  31  28  28  35  30  23  28  29  27
 135 192 194 197 196 147  29  28  31  26  30  28  27  29  32  24
 132 190 194 195 193 142  29  26  29  24  31  27  31  31  33  29
 128 192 195 193 194 134  19  15  19  12  18  19  21  20  21  21
 130 196 195 193 194 178 184 175 176 184 185 180 188 189 187 170
 135 196 193 198 197 191 192 190 191 191 196 194 197 199 194 169
 132 190 192 197 191 190 190 194 192 191 194 196 199 198 196 178
 126 191 191 193 192 190 189 190 191 189 193 197 198 198 197 181
 121 195 196 193 198 195 193 195 194 193 196 201 200 198 200 179
  45  75  64  81  64  68  25  22  20  22  22  21  22  22  22  23
 109 163 166 169 171 147  26  22  22  20  22  22  22  22  23  24
 115 165 168 170 170 139  25  24  22  24  22  22  23  22  23  24
 113 166 168 171 173 143  26  24  22  23  23  22  22  25  23  23
 117 167 170 173 173 130  28  24  23  23  24  23  23  24  23  24
 119 168 169 173 174 118  26  24  23  23  24  23  24  23  24  24
 113 168 169 172 174 119  25  24  24  23  24  24  23  24  24  24
 125 169 170 173 175 118  26  25  24  24  24  23  23  24  23  23
 113 169 171 174 176 128  27  25  24  26  24  25  24  24  25  24
 121 170 173 175 175 121  28  25  24  25  24  26  26  25  25  24
 120 169 173 175 176 120  16  13  12  11  12  14  13  13  13  14
 117 171 172 175 177 167 173 170 165 175 174 173 178 174 176 160
 122 170 172 175 176 172 171 172 173 175 176 179 180 180 178 160
 108 171 173 175 176 170 170 173 173 175 176 180 180 179 178 164
 114 171 174 175 176 171 169 171 173 173 176 180 180 179 179 166
 115 177 177 178 182 178 176 178 178 179 180 184 184 181 182 161
  41  69  64  78  60  67  23  20  19  21  19  19  20  20  20  21
 104 153 156 158 160 139  23  20  20  19  20  20  20  20  20  21
 113 153 155 156 156 116  22  21  21  21  20  18  20  21  22  22
 103 154 156 155 154 134  23  22  21  21  20  17  22  22  22  23
 105 156 157 158 154 123  24  21  21  20  20  19  21  20  21  21
 110 156 157 158 155 113  23  21  20  21  20  20  20  18  20  18
 106 154 158 157 158 116  22  20  19  21  20  22  21  22  22  20
 113 151 155 156 158 107  25  22  21  22  22  22  22  24  24  22
 100 153 155 157 158 119  25  23  23  23  22  22  22  23  22  22
 112 156 156 157 160 115  26  23  22  22  23  23  23  23  22  23
 114 155 158 160 161 116  15  11  12   9  11  11  12  12  11  12
 110 156 159 162 160 161 167 159 160 168 167 166 170 166 168 155
 116 156 158 160 159 156 157 154 158 158 162 164 164 163 164 150
  95 156 158 160 158 158 157 155 158 158 159 164 166 165 165 149
 105 158 160 160 161 156 155 157 156 156 160 163 165 166 162 153
 110 163 163 163 166 164 162 165 165 166 165 170 171 169 164 151

