  84  84  88  59 177 253 254 254 254 254 254 254 254 254 254 253
  83  83  86  62 193 254 254 254 254 254 254 254 254 254 254 253
  82  83  85  55 174 254 254 254 254 254 254 254 254 254 254 254
  81  82  85  62 176 253 254 254 254 254 254 254 254 254 254 254
  77  77  83  59 194 254 254 254 254 253 253 225 226 217 214 221
  84  85  87  56 181 254 254 254 254 252 254 105  95  99  97  96
  81  81  84  59 183 255 254 254 254 254 254 119  95  92  91  93
  85  84  83  60 194 255 254 254 254 254 253 112  93  91  90  93
  84  83  86  60 181 254 253 254 254 254 253 109  90  92  91  92
  84  84  86  63 172 254 252 254 254 254 250 107  94  92  94  93
  67  76  80  60 182 254 252 254 254 254 248 126  90  88  93  95
 225 240 223 222 240 254 252 254 254 254 253 243 246 240 250 247
 250 252 251 253 254 254 254 254 254 254 254 254 254 254 248 252
 253 254 254 254 254 254 254 254 254 254 254 254 254 254 254 254
 252 254 254 254 254 254 254 254 254 254 254 254 254 254 254 254
 252 254 254 254 254 254 254 254 254 254 254 254 254 254 254 254
  87  87  89  60 178 254 255 255 255 255 255 255 255 255 255 255
  85  85  89  65 195 254 255 255 255 255 255 255 255 255 255 255
  84  85  89  59 176 254 255 255 255 255 255 255 255 255 255 255
  83  84  88  66 177 254 255 255 255 255 255 255 255 255 255 255
  84  86  87  61 195 254 255 255 255 254 254 226 226 223 213 220
  83  84  88  59 183 254 255 255 255 254 255  99  86  89  90  93
  84  84  88  64 184 255 255 255 255 254 254 116  90  94  95  96
  83  85  88  64 196 255 255 255 255 255 254 112  91  93  93  96
  86  88  88  62 183 255 255 255 255 255 253 111  94  96  95  95
  90  91  92  63 171 255 255 255 255 255 253 111  95  95  97  96
  77  82  81  61 180 255 255 255 255 255 254 125  83  85  91  93
 226 234 220 226 238 254 255 255 255 255 254 243 248 243 250 249
 255 255 254 255 254 255 255 255 255 255 255 255 255 255 254 255
 255 255 255 255 255 255 255 255 255 255 255 255 255 255 255 255
 255 255 255 255 255 255 255 255 255 255 255 255 255 255 255 255
 255 255 255 255 255 255 255 255 255 255 255 255 255 255 255 255
  78  79  78  49 170 251 255 255 255 255 255 255 255 255 255 255
  80  80  80  56 187 253 255 255 255 255 255 255 255 255 255 255
  79  80  78  49 171 253 255 255 255 255 255 255 255 255 255 255
  78  79  79  55 173 252 255 255 255 255 255 255 255 255 255 255
  75  76  80  56 193 253 255 255 255 254 254 223 221 220 210 217
  75  75  79  50 177 254 255 255 255 252 251  86  72  80  80  82
  75  75  77  50 178 255 255 255 255 254 253 107  78  84  85  86
  75  76  78  53 191 255 255 255 255 255 253 104  79  83  84  86
  77  78  79  52 176 254 255 255 255 255 252 104  81  84  85  85
  79  81  82  51 163 253 255 255 255 255 251  98  81  86  88  86
  66  70  69  53 175 253 255 255 255 255 252 111  67  78  77  80
 222 225 212 222 236 254 255 255 255 255 253 240 245 239 240 246
 251 254 254 253 254 255 255 255 255 255 255 255 254 254 251 253
 255 255 255 255 255 255 255 255 255 255 255 255 255 255 255 255
 255 255 255 255 255 255 255 255 255 255 255 255 255 255 255 255
 255 255 255 255 255 255 255 255 255 255 255 255 255 255 255 255

 253 253 254 254 221  96  93  93  92  93  95 247 252 254 254 254
 254 254 254 254 214  97  91  90  91  94  93 250 248 254 254 254
 254 254 254 254 217  99  92  91  92  92  88 240 254 254 254 254
 254 254 254 254 226  95  95  93  90  94  90 246 254 254 254 254
 254 254 254 254 225 105 119 112 109 107 126 243 254 254 254 254
 254 254 254 254 253 254 254 253 253 250 248 253 254 254 254 254
 254 254 254 254 253 252 254 254 254 254 254 254 254 254 254 254
 254 254 254 254 254 254 254 254 254 254 254 254 254 254 254 254
 254 254 254 254 254 254 254 254 254 254 254 254 254 254 254 254
 254 254 254 254 254 254 254 254 253 252 252 252 254 254 254 254
 253 254 254 253 254 254 255 255 254 254 254 254 254 254 254 254
 177 193 174 176 194 181 183 194 181 172 182 240 254 254 254 254
  59  62  55  62  59  56  59  60  60  63  60 222 253 254 254 254
  88  86  85  85  83  87  84  83  86  86  80 223 251 254 254 254
  84  83  83  82  77  85  81  84  83  84  76 240 252 254 254 254
  84  83  82  81  77  84  81  85  84  84  67 225 250 253 252 252
 255 255 255 255 220  93  96  96  95  96  93 249 255 255 255 255
 255 255 255 255 213  90  95  93  95  97  91 250 254 255 255 255
 255 255 255 255 223  89  94  93  96  95  85 243 255 255 255 255
 255 255 255 255 226  86  90  91  94  95  83 248 255 255 255 255
 255 255 255 255 226  99 116 112 111 111 125 243 255 255 255 255
 255 255 255 255 254 255 254 254 253 253 254 254 255 255 255 255
 255 255 255 255 254 254 254 255 255 255 255 255 255 255 255 255
 255 255 255 255 255 255 255 255 255 255 255 255 255 255 255 255
 255 255 255 255 255 255 255 255 255 255 255 255 255 255 255 255
 255 255 255 255 255 255 255 255 255 255 255 255 255 255 255 255
 254 254 254 254 254 254 255 255 255 255 255 254 255 255 255 255
 178 195 176 177 195 183 184 196 183 171 180 238 254 255 255 255
  60  65  59  66  61  59  64  64  62  63  61 226 255 255 255 255
  89  89  89  88  87  88  88  88  88  92  81 220 254 255 255 255
  87  85  85  84  86  84  84  85  88  91  82 234 255 255 255 255
  87  85  84  83  84  83  84  83  86  90  77 226 255 255 255 255
 255 255 255 255 217  82  86  86  85  86  80 246 253 255 255 255
 255 255 255 255 210  80  85  84  85  88  77 240 251 255 255 255
 255 255 255 255 220  80  84  83  84  86  78 239 254 255 255 255
 255 255 255 255 221  72  78  79  81  81  67 245 254 255 255 255
 255 255 255 255 223  86 107 104 104  98 111 240 255 255 255 255
 255 255 255 255 254 251 253 253 252 251 252 253 255 255 255 255
 255 255 255 255 254 252 254 255 255 255 255 255 255 255 255 255
 255 255 255 255 255 255 255 255 255 255 255 255 255 255 255 255
 255 255 255 255 255 255 255 255 255 255 255 255 255 255 255 255
 255 255 255 255 255 255 255 255 255 255 255 255 255 255 255 255
 251 253 253 252 253 254 255 255 254 253 253 254 255 255 255 255
 170 187 171 173 193 177 178 191 176 163 175 236 254 255 255 255
  49  56  49  55  56  50  50  53  52  51  53 222 253 255 255 255
  78  80  78  79  80  79  77  78  79  82  69 212 254 255 255 255
  79  80  80  79  76  75  75  76  78  81  70 225 254 255 255 255
  78  80  79  78  75  75  75  75  77  79  66 222 251 255 255 255

 254 254 254 254 254 254 254 254 254 254 254 254 254 254 254 252
 254 254 254 254 254 254 254 254 254 254 254 254 254 254 254 252
 254 254 254 254 254 254 254 254 254 254 254 254 254 254 254 253
 252 248 254 254 254 254 254 254 254 254 254 254 253 251 252 250
 247 250 240 246 243 253 254 254 254 252 254 240 222 223 240 225
  95  93  88  90 126 248 254 254 254 252 254 182  60  80  76  67
  93  94  92  94 107 250 254 254 254 252 254 172  63  86  84  84
  92  91  92  90 109 253 254 254 254 253 254 181  60  86  83  84
  93  90  91  93 112 253 254 254 254 254 255 194  60  83  84  85
  93  91  92  95 119 254 254 254 254 254 255 183  59  84  81  81
  96  97  99  95 105 254 252 254 254 254 254 181  56  87  85  84
 221 214 217 226 225 253 253 254 254 254 254 194  59  83  77  77
 254 254 254 254 254 254 254 254 254 254 253 176  62  85  82  81
 254 254 254 254 254 254 254 254 254 254 254 174  55  85  83  82
 253 254 254 254 254 254 254 254 254 254 254 193  62  86  83  83
 253 254 254 254 254 254 254 254 254 254 253 177  59  88  84  84
 255 255 255 255 255 255 255 255 255 255 255 255 255 255 255 255
 255 255 255 255 255 255 255 255 255 255 255 255 255 255 255 255
 255 255 255 255 255 255 255 255 255 255 255 255 255 255 255 255
 255 254 255 255 255 255 255 255 255 255 255 254 255 254 255 255
 249 250 243 248 243 254 255 255 255 255 254 238 226 220 234 226
  93  91  85  83 125 254 255 255 255 255 255 180  61  81  82  77
  96  97  95  95 111 253 255 255 255 255 255 171  63  92  91  90
  95  95  96  94 111 253 255 255 255 255 255 183  62  88  88  86
  96  93  93  91 112 254 255 255 255 255 255 196  64  88  85  83
  96  95  94  90 116 254 254 255 255 255 255 184  64  88  84  84
  93  90  89  86  99 255 254 255 255 255 254 183  59  88  84  83
 220 213 223 226 226 254 254 255 255 255 254 195  61  87  86  84
 255 255 255 255 255 255 255 255 255 255 254 177  66  88  84  83
 255 255 255 255 255 255 255 255 255 255 254 176  59  89  85  84
 255 255 255 255 255 255 255 255 255 255 254 195  65  89  85  85
 255 255 255 255 255 255 255 255 255 255 254 178  60  89  87  87
 255 255 255 255 255 255 255 255 255 255 255 255 255 255 255 255
 255 255 255 255 255 255 255 255 255 255 255 255 255 255 255 255
 255 255 255 255 255 255 255 255 255 255 255 255 255 255 255 255
 253 251 254 254 255 255 255 255 255 255 255 254 253 254 254 251
 246 240 239 245 240 253 255 255 255 255 254 236 222 212 225 222
  80  77  78  67 111 252 255 255 255 255 253 175  53  69  70  66
  86  88  86  81  98 251 255 255 255 255 253 163  51  82  81  79
  85  85  84  81 104 252 255 255 255 255 254 176  52  79  78  77
  86  84  83  79 104 253 255 255 255 255 255 191  53  78  76  75
  86  85  84  78 107 253 254 255 255 255 255 178  50  77  75  75
  82  80  80  72  86 251 252 255 255 255 254 177  50  79  75  75
 217 210 220 221 223 254 254 255 255 255 253 193  56  80  76  75
 255 255 255 255 255 255 255 255 255 255 252 173  55  79  79  78
 255 255 255 255 255 255 255 255 255 255 253 171  49  78  80  79
 255 255 255 255 255 255 255 255 255 255 253 187  56  80  80  80
 255 255 255 255 255 255 255 255 255 255 251 170  49  78  79  78

 252 252 253 250 225  67  84  84  85  81  84  77  81  82  83  84
 254 254 254 252 240  76  84  83  84  81  85  77  82  83  83  84
 254 254 254 251 223  80  86  86  83  84  87  83  85  85  86  88
 254 254 254 253 222  60  63  60  60  59  56  59  62  55  62  59
 254 254 254 254 240 182 172 181 194 183 181 194 176 174 193 177
 254 254 254 254 254 254 254 254 255 255 254 254 253 254 254 253
 254 254 254 254 252 252 252 253 254 254 254 254 254 254 254 254
 254 254 254 254 254 254 254 254 254 254 254 254 254 254 254 254
 254 254 254 254 254 254 254 254 254 254 254 254 254 254 254 254
 254 254 254 254 254 254 254 254 254 254 252 253 254 254 254 254
 254 254 254 254 253 248 250 253 253 254 254 253 254 254 254 254
 254 254 254 254 243 126 107 109 112 119 105 225 254 254 254 254
 254 254 254 254 246  90  94  90  93  95  95 226 254 254 254 254
 254 254 254 254 240  88  92  92  91  92  99 217 254 254 254 254
 254 254 254 248 250  93  94  91  90  91  97 214 254 254 254 254
 254 254 254 252 247  95  93  92  93  93  96 221 254 254 253 253
 255 255 255 255 226  77  90  86  83  84  83  84  83  84  85  87
 255 255 255 255 234  82  91  88  85  84  84  86  84  85  85  87
 255 255 255 254 220  81  92  88  88  88  88  87  88  89  89  89
 255 255 255 255 226  61  63  62  64  64  59  61  66  59  65  60
 255 255 255 254 238 180 171 183 196 184 183 195 177 176 195 178
 255 255 255 255 254 255 255 255 255 255 254 254 254 254 254 254
 255 255 255 255 255 255 255 255 255 255 255 255 255 255 255 255
 255 255 255 255 255 255 255 255 255 255 255 255 255 255 255 255
 255 255 255 255 255 255 255 255 255 255 255 255 255 255 255 255
 255 255 255 255 255 255 255 255 255 254 254 254 255 255 255 255
 255 255 255 255 254 254 253 253 254 254 255 254 255 255 255 255
 255 255 255 255 243 125 111 111 112 116  99 226 255 255 255 255
 255 255 255 255 248  83  95  94  91  90  86 226 255 255 255 255
 255 255 255 255 243  85  95  96  93  94  89 223 255 255 255 255
 255 255 255 254 250  91  97  95  93  95  90 213 255 255 255 255
 255 255 255 255 249  93  96  95  96  96  93 220 255 255 255 255
 255 255 255 251 222  66  79  77  75  75  75  75  78  79  80  78
 255 255 255 254 225  70  81  78  76  75  75  76  79  80  80  79
 255 255 255 254 212  69  82  79  78  77  79  80  79  78  80  78
 255 255 255 253 222  53  51  52  53  50  50  56  55  49  56  49
 255 255 255 254 236 175 163 176 191 178 177 193 173 171 187 170
 255 255 255 255 254 253 253 254 255 255 254 253 252 253 253 251
 255 255 255 255 255 255 255 255 255 255 255 255 255 255 255 255
 255 255 255 255 255 255 255 255 255 255 255 255 255 255 255 255
 255 255 255 255 255 255 255 255 255 255 255 255 255 255 255 255
 255 255 255 255 255 255 255 255 255 254 252 254 255 255 255 255
 255 255 255 255 253 252 251 252 253 253 251 254 255 255 255 255
 255 255 255 255 240 111  98 104 104 107  86 223 255 255 255 255
 255 255 255 254 245  67  81  81  79  78  72 221 255 255 255 255
 255 255 255 254 239  78  86  84  83  84  80 220 255 255 255 255
 255 255 255 251 240  77  88  85  84  85  80 210 255 255 255 255
 255 255 255 253 246  80  86  85  86  86  82 217 255 255 255 255

