  79  80  84  73 126 254 254 254 254 254 254 254 254 254 254 252
  78  79  82  77 116 254 254 254 254 254 254 254 254 254 254 253
  78  80  80  72 124 254 254 254 254 254 254 254 254 254 254 253
  82  84  79  80 122 253 254 254 254 254 254 254 254 254 254 253
 142 129 143 165 182 254 254 254 254 254 254 243 223 211 227 233
 254 254 254 254 254 254 254 254 254 254 252 180  57  83  88  92
 254 254 254 254 254 254 254 254 254 252 254 168  69  89  82  74
 254 254 254 254 254 254 254 254 254 252 253 183  65  86  80  73
 254 254 254 254 254 254 254 254 254 253 253 176  68  86  81  74
 254 254 254 254 254 254 254 254 254 253 253 175  64  88  85  82
 254 254 254 254 254 254 254 254 254 253 252 186  63  79  84  96
 254 254 254 254 254 254 254 254 254 253 253 246 231 227 245 255
 254 254 254 254 254 254 254 254 254 254 254 253 252 252 253 254
 254 254 254 254 254 254 254 254 254 254 254 254 254 254 254 254
 254 254 254 254 254 254 254 254 254 254 254 254 254 254 254 254
 254 254 254 254 254 254 254 254 254 254 254 254 254 254 254 254
  78  77  76  67 122 255 255 255 255 255 255 255 255 255 255 255
  77  77  77  73 114 255 255 255 255 255 255 255 255 255 255 255
  77  79  79  71 123 255 255 255 255 255 255 255 255 255 255 255
  77  77  82  72 117 254 255 255 255 255 255 255 255 255 255 255
 137 121 135 146 172 255 255 255 255 255 255 247 229 223 233 238
 255 255 255 255 255 255 255 255 255 255 254 184  58  77  78  78
 255 255 255 255 255 255 255 255 255 255 255 166  65  86  86  84
 255 255 255 255 255 255 255 255 255 255 255 182  62  84  83  81
 255 255 255 255 255 255 255 255 255 255 255 175  64  84  83  81
 255 255 255 255 255 255 255 255 255 255 255 175  61  85  83  80
 255 255 255 255 255 255 255 255 255 255 255 186  61  76  79  80
 255 255 255 255 255 255 255 255 255 255 255 247 235 223 242 246
 255 255 255 255 255 255 255 255 255 255 255 254 254 254 255 254
 255 255 255 255 255 255 255 255 255 255 255 255 255 255 255 255
 255 255 255 255 255 255 255 255 255 255 255 255 255 255 255 255
 255 255 255 255 255 255 255 255 255 255 255 255 255 255 255 255
  69  70  73  59 112 254 255 255 255 255 255 255 255 255 255 255
  67  68  71  65 105 254 255 255 255 255 255 255 255 255 255 255
  66  68  70  62 117 253 255 255 255 255 255 255 255 255 255 255
  69  73  73  63 110 251 255 255 255 255 255 255 255 255 255 255
 130 112 123 134 167 254 255 255 255 255 254 244 225 221 231 235
 255 255 255 255 255 255 255 255 255 255 253 180  52  69  68  68
 255 255 255 255 255 255 255 255 255 255 255 160  56  77  77  73
 255 255 255 255 255 255 255 255 255 255 255 176  52  73  74  73
 255 255 255 255 255 255 255 255 255 255 255 170  55  71  73  75
 255 255 255 255 255 255 255 255 255 255 255 169  50  79  77  76
 255 255 255 255 255 255 255 255 255 255 255 180  48  70  72  63
 255 255 255 255 255 255 255 255 255 255 255 246 232 215 227 226
 255 255 255 255 255 255 255 255 255 255 255 254 252 253 254 253
 255 255 255 255 255 255 255 255 255 255 255 255 255 255 255 255
 255 255 255 255 255 255 255 255 255 255 255 255 255 255 255 255
 255 255 255 255 255 255 255 255 255 255 255 255 255 255 255 255

 252 253 253 253 233  92  74  73  74  82  96 255 254 254 254 254
 254 254 254 254 227  88  82  80  81  85  84 245 253 254 254 254
 254 254 254 254 211  83  89  86  86  88  79 227 252 254 254 254
 254 254 254 254 223  57  69  65  68  64  63 231 252 254 254 254
 254 254 254 254 243 180 168 183 176 175 186 246 253 254 254 254
 254 254 254 254 254 252 254 253 253 253 252 253 254 254 254 254
 254 254 254 254 254 254 252 252 253 253 253 253 254 254 254 254
 254 254 254 254 254 254 254 254 254 254 254 254 254 254 254 254
 254 254 254 254 254 254 254 254 254 254 254 254 254 254 254 254
 254 254 254 254 254 254 254 254 254 254 254 254 254 254 254 254
 254 254 254 253 254 254 254 254 254 254 254 254 254 254 254 254
 126 116 124 122 182 254 254 254 254 254 254 254 254 254 254 254
  73  77  72  80 165 254 254 254 254 254 254 254 254 254 254 254
  84  82  80  79 143 254 254 254 254 254 254 254 254 254 254 254
  80  79  80  84 129 254 254 254 254 254 254 254 254 254 254 254
  79  78  78  82 142 254 254 254 254 254 254 254 254 254 254 254
 255 255 255 255 238  78  84  81  81  80  80 246 254 255 255 255
 255 255 255 255 233  78  86  83  83  83  79 242 255 255 255 255
 255 255 255 255 223  77  86  84  84  85  76 223 254 255 255 255
 255 255 255 255 229  58  65  62  64  61  61 235 254 255 255 255
 255 255 255 255 247 184 166 182 175 175 186 247 254 255 255 255
 255 255 255 255 255 254 255 255 255 255 255 255 255 255 255 255
 255 255 255 255 255 255 255 255 255 255 255 255 255 255 255 255
 255 255 255 255 255 255 255 255 255 255 255 255 255 255 255 255
 255 255 255 255 255 255 255 255 255 255 255 255 255 255 255 255
 255 255 255 255 255 255 255 255 255 255 255 255 255 255 255 255
 255 255 255 254 255 255 255 255 255 255 255 255 255 255 255 255
 122 114 123 117 172 255 255 255 255 255 255 255 255 255 255 255
  67  73  71  72 146 255 255 255 255 255 255 255 255 255 255 255
  76  77  79  82 135 255 255 255 255 255 255 255 255 255 255 255
  77  77  79  77 121 255 255 255 255 255 255 255 255 255 255 255
  78  77  77  77 137 255 255 255 255 255 255 255 255 255 255 255
 255 255 255 255 235  68  73  73  75  76  63 226 253 255 255 255
 255 255 255 255 231  68  77  74  73  77  72 227 254 255 255 255
 255 255 255 255 221  69  77  73  71  79  70 215 253 255 255 255
 255 255 255 255 225  52  56  52  55  50  48 232 252 255 255 255
 255 255 255 255 244 180 160 176 170 169 180 246 254 255 255 255
 255 255 255 255 254 253 255 255 255 255 255 255 255 255 255 255
 255 255 255 255 255 255 255 255 255 255 255 255 255 255 255 255
 255 255 255 255 255 255 255 255 255 255 255 255 255 255 255 255
 255 255 255 255 255 255 255 255 255 255 255 255 255 255 255 255
 255 255 255 255 255 255 255 255 255 255 255 255 255 255 255 255
 254 254 253 251 254 255 255 255 255 255 255 255 255 255 255 255
 112 105 117 110 167 255 255 255 255 255 255 255 255 255 255 255
  59  65  62  63 134 255 255 255 255 255 255 255 255 255 255 255
  73  71  70  73 123 255 255 255 255 255 255 255 255 255 255 255
  70  68  68  73 112 255 255 255 255 255 255 255 255 255 255 255
  69  67  66  69 130 255 255 255 255 255 255 255 255 255 255 255

 254 254 254 254 254 254 254 254 254 254 254 254 254 254 254 254
 254 254 254 254 254 254 254 254 254 254 254 254 254 254 254 254
 254 254 254 254 254 254 254 254 254 254 254 254 254 254 254 254
 254 253 252 252 253 254 254 254 254 254 254 254 254 254 254 254
 255 245 227 231 246 253 253 254 254 254 254 254 254 254 254 254
  96  84  79  63 186 252 253 254 254 254 254 254 254 254 254 254
  82  85  88  64 175 253 253 254 254 254 254 254 254 254 254 254
  74  81  86  68 176 253 253 254 254 254 254 254 254 254 254 254
  73  80  86  65 183 253 252 254 254 254 254 254 254 254 254 254
  74  82  89  69 168 254 252 254 254 254 254 254 254 254 254 254
  92  88  83  57 180 252 254 254 254 254 254 254 254 254 254 254
 233 227 211 223 243 254 254 254 254 254 254 182 165 143 129 142
 253 254 254 254 254 254 254 254 254 254 253 122  80  79  84  82
 253 254 254 254 254 254 254 254 254 254 254 124  72  80  80  78
 253 254 254 254 254 254 254 254 254 254 254 116  77  82  79  78
 252 254 254 254 254 254 254 254 254 254 254 126  73  84  80  79
 255 255 255 255 255 255 255 255 255 255 255 255 255 255 255 255
 255 255 255 255 255 255 255 255 255 255 255 255 255 255 255 255
 255 255 255 255 255 255 255 255 255 255 255 255 255 255 255 255
 254 255 254 254 254 255 255 255 255 255 255 255 255 255 255 255
 246 242 223 235 247 255 255 255 255 255 255 255 255 255 255 255
  80  79  76  61 186 255 255 255 255 255 255 255 255 255 255 255
  80  83  85  61 175 255 255 255 255 255 255 255 255 255 255 255
  81  83  84  64 175 255 255 255 255 255 255 255 255 255 255 255
  81  83  84  62 182 255 255 255 255 255 255 255 255 255 255 255
  84  86  86  65 166 255 255 255 255 255 255 255 255 255 255 255
  78  78  77  58 184 254 255 255 255 255 255 255 255 255 255 255
 238 233 223 229 247 255 255 255 255 255 255 172 146 135 121 137
 255 255 255 255 255 255 255 255 255 255 254 117  72  82  77  77
 255 255 255 255 255 255 255 255 255 255 255 123  71  79  79  77
 255 255 255 255 255 255 255 255 255 255 255 114  73  77  77  77
 255 255 255 255 255 255 255 255 255 255 255 122  67  76  77  78
 255 255 255 255 255 255 255 255 255 255 255 255 255 255 255 255
 255 255 255 255 255 255 255 255 255 255 255 255 255 255 255 255
 255 255 255 255 255 255 255 255 255 255 255 255 255 255 255 255
 253 254 253 252 254 255 255 255 255 255 255 255 255 255 255 255
 226 227 215 232 246 255 255 255 255 255 255 255 255 255 255 255
  63  72  70  48 180 255 255 255 255 255 255 255 255 255 255 255
  76  77  79  50 169 255 255 255 255 255 255 255 255 255 255 255
  75  73  71  55 170 255 255 255 255 255 255 255 255 255 255 255
  73  74  73  52 176 255 255 255 255 255 255 255 255 255 255 255
  73  77  77  56 160 255 255 255 255 255 255 255 255 255 255 255
  68  68  69  52 180 253 255 255 255 255 255 255 255 255 255 255
 235 231 221 225 244 254 255 255 255 255 254 167 134 123 112 130
 255 255 255 255 255 255 255 255 255 255 251 110  63  73  73  69
 255 255 255 255 255 255 255 255 255 255 253 117  62  70  68  66
 255 255 255 255 255 255 255 255 255 255 254 105  65  71  68  67
 255 255 255 255 255 255 255 255 255 255 254 112  59  73  70  69

 254 254 254 254 254 254 254 254 254 254 254 142  82  78  78  79
 254 254 254 254 254 254 254 254 254 254 254 129  84  80  79  80
 254 254 254 254 254 254 254 254 254 254 254 143  79  80  82  84
 254 254 254 254 254 254 254 254 254 254 254 165  80  72  77  73
 254 254 254 254 254 254 254 254 254 254 254 182 122 124 116 126
 254 254 254 254 254 254 254 254 254 254 254 254 253 254 254 254
 254 254 254 254 254 254 254 254 254 254 254 254 254 254 254 254
 254 254 254 254 254 254 254 254 254 254 254 254 254 254 254 254
 254 254 254 254 254 254 254 254 254 254 254 254 254 254 254 254
 254 254 254 254 253 253 253 253 252 252 254 254 254 254 254 254
 254 254 254 254 253 252 253 253 253 254 252 254 254 254 254 254
 254 254 254 253 246 186 175 176 183 168 180 243 254 254 254 254
 254 254 254 252 231  63  64  68  65  69  57 223 254 254 254 254
 254 254 254 252 227  79  88  86  86  89  83 211 254 254 254 254
 254 254 254 253 245  84  85  81  80  82  88 227 254 254 254 254
 254 254 254 254 255  96  82  74  73  74  92 233 253 253 253 252
 255 255 255 255 255 255 255 255 255 255 255 137  77  77  77  78
 255 255 255 255 255 255 255 255 255 255 255 121  77  79  77  77
 255 255 255 255 255 255 255 255 255 255 255 135  82  79  77  76
 255 255 255 255 255 255 255 255 255 255 255 146  72  71  73  67
 255 255 255 255 255 255 255 255 255 255 255 172 117 123 114 122
 255 255 255 255 255 255 255 255 255 255 255 255 254 255 255 255
 255 255 255 255 255 255 255 255 255 255 255 255 255 255 255 255
 255 255 255 255 255 255 255 255 255 255 255 255 255 255 255 255
 255 255 255 255 255 255 255 255 255 255 255 255 255 255 255 255
 255 255 255 255 255 255 255 255 255 255 255 255 255 255 255 255
 255 255 255 255 255 255 255 255 255 255 254 255 255 255 255 255
 255 255 255 254 247 186 175 175 182 166 184 247 255 255 255 255
 255 255 255 254 235  61  61  64  62  65  58 229 255 255 255 255
 255 255 255 254 223  76  85  84  84  86  77 223 255 255 255 255
 255 255 255 255 242  79  83  83  83  86  78 233 255 255 255 255
 255 255 255 254 246  80  80  81  81  84  78 238 255 255 255 255
 255 255 255 255 255 255 255 255 255 255 255 130  69  66  67  69
 255 255 255 255 255 255 255 255 255 255 255 112  73  68  68  70
 255 255 255 255 255 255 255 255 255 255 255 123  73  70  71  73
 255 255 255 255 255 255 255 255 255 255 255 134  63  62  65  59
 255 255 255 255 255 255 255 255 255 255 255 167 110 117 105 112
 255 255 255 255 255 255 255 255 255 255 255 254 251 253 254 254
 255 255 255 255 255 255 255 255 255 255 255 255 255 255 255 255
 255 255 255 255 255 255 255 255 255 255 255 255 255 255 255 255
 255 255 255 255 255 255 255 255 255 255 255 255 255 255 255 255
 255 255 255 255 255 255 255 255 255 255 255 255 255 255 255 255
 255 255 255 255 255 255 255 255 255 255 253 254 255 255 255 255
 255 255 255 254 246 180 169 170 176 160 180 244 255 255 255 255
 255 255 255 252 232  48  50  55  52  56  52 225 255 255 255 255
 255 255 255 253 215  70  79  71  73  77  69 221 255 255 255 255
 255 255 255 254 227  72  77  73  74  77  68 231 255 255 255 255
 255 255 255 253 226  63  76  75  73  73  68 235 255 255 255 255

