  31  33  32  31  34  33  32  33  35  25 110 148 155 171 157 101
  25  27  27  27  31  33  32  36  34  28 132 197 203 202 198 127
  26  27  28  33  35  35  34  31  37  26 120 190 203 202 198 125
  31  33  35  33  33  35  33  36  40  29 137 191 198 202 198 122
  36  33  31  33  36  38  39  38  34  30 129 192 198 202 196 118
  34  31  27  29  26 130 153 155 150 136 178 192 196 199 198 126
  29  25  27  33  22 140 187 190 194 193 193 196 197 199 197 121
  29  26  33  32  27 167 186 191 192 187 190 193 196 197 193 120
  31  32  30  33  24 148 185 188 191 189 192 195 197 198 194 113
  29  34  33  33  25 152 183 185 191 190 190 193 197 198 193 125
 122 141 127 148 132 169 185 187 189 186 190 195 196 196 192 119
 153 184 188 191 192 191 189 188 188 188 190 193 195 195 191 125
 146 185 190 190 191 192 193 190 187 189 190 192 193 193 192 112
 149 179 184 185 187 189 189 188 188 188 188 189 192 194 191 124
 148 183 186 183 187 185 187 185 187 188 187 183 191 191 189 119
 112 124 125 139 130 139 126 139 131 131 133 123 143 132 131  80
  27  27  26  25  27  28  29  29  29  26 107 142 145 153 135  87
  26  27  27  27  28  30  30  29  29  25 128 182 184 186 184 118
  27  27  26  28  28  27  29  30  30  25 119 182 185 186 184 118
  27  26  26  26  28  30  31  30  32  22 131 181 184 186 184 116
  27  26  26  27  28  30  31  33  34  26 118 180 183 184 182 110
  27  27  27  27  21 123 136 142 144 129 165 181 183 184 181 113
  28  28  28  26  21 134 177 177 177 177 177 180 181 184 183 111
  27  28  26  27  21 156 176 177 177 177 177 179 182 183 180 114
  27  27  27  30  22 145 176 175 177 178 178 179 182 183 180 106
  29  28  29  29  21 146 175 175 176 178 178 179 181 183 179 115
 114 135 121 141 121 161 174 175 176 177 177 178 182 182 180 111
 149 175 175 176 176 176 175 175 176 177 177 178 181 180 178 120
 140 172 174 174 174 174 175 175 175 176 176 177 178 178 178 107
 149 169 171 173 173 173 174 175 175 174 176 177 177 178 177 117
 141 168 168 169 171 172 173 172 173 174 175 173 174 175 174 111
 106 115 116 127 120 132 115 129 118 125 129 115 128 116 125  78
  23  23  24  25  26  26  27  27  27  23 104 140 139 145 123  84
  24  25  25  25  26  28  28  28  26  22 125 172 173 174 174 112
  25  25  24  26  27  27  27  28  29  22 117 174 174 172 174 112
  25  25  26  25  27  28  28  29  30  22 130 173 174 171 173 111
  23  25  27  26  27  29  31  31  29  25 110 169 174 174 171 105
  25  26  25  25  20 120 126 137 139 128 157 169 172 172 168 107
  26  25  26  25  17 129 168 168 168 168 169 170 169 168 170 105
  26  25  25  26  18 152 166 168 169 169 170 170 171 171 168 111
  26  26  26  27  19 141 166 166 168 167 168 169 170 171 170 101
  26  25  25  26  18 145 169 168 169 168 168 170 170 171 169 110
 111 130 116 136 115 159 167 166 167 167 168 170 170 170 171 105
 143 165 164 166 166 165 165 165 167 166 166 168 170 171 169 116
 136 162 162 161 163 163 162 163 166 165 164 166 169 169 169 101
 145 159 160 161 162 162 163 165 168 166 166 167 168 169 167 110
 138 159 159 159 161 160 162 165 166 163 164 163 165 166 165 102
 104 112 110 120 112 125 107 121 108 118 123 110 120 105 116  74

 101 127 125 122 118 126 121 120 113 125 119 125 112 124 119  80
 157 198 198 198 196 198 197 193 194 193 192 191 192 191 189 131
 171 202 202 202 202 199 199 197 198 198 196 195 193 194 191 132
 155 203 203 198 198 196 197 196 197 197 196 195 193 192 191 143
 148 197 190 191 192 192 196 193 195 193 195 193 192 189 183 123
 110 132 120 137 129 178 193 190 192 190 190 190 190 188 187 133
  25  28  26  29  30 136 193 187 189 190 186 188 189 188 188 131
  35  34  37  40  34 150 194 192 191 191 189 188 187 188 187 131
  33  36  31  36  38 155 190 191 188 185 187 188 190 188 185 139
  32  32  34  33  39 153 187 186 185 183 185 189 193 189 187 126
  33  33  35  35  38 130 140 167 148 152 169 191 192 189 185 139
  34  31  35  33  36  26  22  27  24  25 132 192 191 187 187 130
  31  27  33  33  33  29  33  32  33  33 148 191 190 185 183 139
  32  27  28  35  31  27  27  33  30  33 127 188 190 184 186 125
  33  27  27  33  33  31  25  26  32  34 141 184 185 179 183 124
  31  25  26  31  36  34  29  29  31  29 122 153 146 149 148 112
  87 118 118 116 110 113 111 114 106 115 111 120 107 117 111  78
 135 184 184 184 182 181 183 180 180 179 180 178 178 177 174 125
 153 186 186 186 184 184 184 183 183 183 182 180 178 178 175 116
 145 184 185 184 183 183 181 182 182 181 182 181 178 177 174 128
 142 182 182 181 180 181 180 179 179 179 178 178 177 177 173 115
 107 128 119 131 118 165 177 177 178 178 177 177 176 176 175 129
  26  25  25  22  26 129 177 177 178 178 177 177 176 174 174 125
  29  29  30  32  34 144 177 177 177 176 176 176 175 175 173 118
  29  29  30  30  33 142 177 177 175 175 175 175 175 175 172 129
  29  30  29  31  31 136 177 176 176 175 174 175 175 174 173 115
  28  30  27  30  30 123 134 156 145 146 161 176 174 173 172 132
  27  28  28  28  28  21  21  21  22  21 121 176 174 173 171 120
  25  27  28  26  27  27  26  27  30  29 141 176 174 173 169 127
  26  27  26  26  26  27  28  26  27  29 121 175 174 171 168 116
  27  27  27  26  26  27  28  28  27  28 135 175 172 169 168 115
  27  26  27  27  27  27  28  27  27  29 114 149 140 149 141 106
  84 112 112 111 105 107 105 111 101 110 105 116 101 110 102  74
 123 174 174 173 171 168 170 168 170 169 171 169 169 167 165 116
 145 174 172 171 174 172 168 171 171 171 170 171 169 169 166 105
 139 173 174 174 174 172 169 171 170 170 170 170 169 168 165 120
 140 172 174 173 169 169 170 170 169 170 170 168 166 167 163 110
 104 125 117 130 110 157 169 170 168 168 168 166 164 166 164 123
  23  22  22  22  25 128 168 169 167 168 167 166 165 166 163 118
  27  26  29  30  29 139 168 169 168 169 167 167 166 168 166 108
  27  28  28  29  31 137 168 168 166 168 166 165 163 165 165 121
  27  28  27  28  31 126 168 166 166 169 167 165 162 163 162 107
  26  28  27  28  29 120 129 152 141 145 159 165 163 162 160 125
  26  26  27  27  27  20  17  18  19  18 115 166 163 162 161 112
  25  25  26  25  26  25  25  26  27  26 136 166 161 161 159 120
  24  25  24  26  27  25  26  25  26  25 116 164 162 160 159 110
  23  25  25  25  25  26  25  25  26  25 130 165 162 159 159 112
  23  24  25  25  23  25  26  26  26  26 111 143 136 145 138 104

  80 131 132 143 123 133 131 131 139 126 139 130 139 125 124 112
 119 189 191 191 183 187 188 187 185 187 185 187 183 186 183 148
 124 191 194 192 189 188 188 188 188 189 189 187 185 184 179 149
 112 192 193 193 192 190 189 187 190 193 192 191 190 190 185 146
 125 191 195 195 193 190 188 188 188 189 191 192 191 188 184 153
 119 192 196 196 195 190 186 189 187 185 169 132 148 127 141 122
 125 193 198 197 193 190 190 191 185 183 152  25  33  33  34  29
 113 194 198 197 195 192 189 191 188 185 148  24  33  30  32  31
 120 193 197 196 193 190 187 192 191 186 167  27  32  33  26  29
 121 197 199 197 196 193 193 194 190 187 140  22  33  27  25  29
 126 198 199 196 192 178 136 150 155 153 130  26  29  27  31  34
 118 196 202 198 192 129  30  34  38  39  38  36  33  31  33  36
 122 198 202 198 191 137  29  40  36  33  35  33  33  35  33  31
 125 198 202 203 190 120  26  37  31  34  35  35  33  28  27  26
 127 198 202 203 197 132  28  34  36  32  33  31  27  27  27  25
 101 157 171 155 148 110  25  35  33  32  33  34  31  32  33  31
  78 125 116 128 115 129 125 118 129 115 132 120 127 116 115 106
 111 174 175 174 173 175 174 173 172 173 172 171 169 168 168 141
 117 177 178 177 177 176 174 175 175 174 173 173 173 171 169 149
 107 178 178 178 177 176 176 175 175 175 174 174 174 174 172 140
 120 178 180 181 178 177 177 176 175 175 176 176 176 175 175 149
 111 180 182 182 178 177 177 176 175 174 161 121 141 121 135 114
 115 179 183 181 179 178 178 176 175 175 146  21  29  29  28  29
 106 180 183 182 179 178 178 177 175 176 145  22  30  27  27  27
 114 180 183 182 179 177 177 177 177 176 156  21  27  26  28  27
 111 183 184 181 180 177 177 177 177 177 134  21  26  28  28  28
 113 181 184 183 181 165 129 144 142 136 123  21  27  27  27  27
 110 182 184 183 180 118  26  34  33  31  30  28  27  26  26  27
 116 184 186 184 181 131  22  32  30  31  30  28  26  26  26  27
 118 184 186 185 182 119  25  30  30  29  27  28  28  26  27  27
 118 184 186 184 182 128  25  29  29  30  30  28  27  27  27  26
  87 135 153 145 142 107  26  29  29  29  28  27  25  26  27  27
  74 116 105 120 110 123 118 108 121 107 125 112 120 110 112 104
 102 165 166 165 163 164 163 166 165 162 160 161 159 159 159 138
 110 167 169 168 167 166 166 168 165 163 162 162 161 160 159 145
 101 169 169 169 166 164 165 166 163 162 163 163 161 162 162 136
 116 169 171 170 168 166 166 167 165 165 165 166 166 164 165 143
 105 171 170 170 170 168 167 167 166 167 159 115 136 116 130 111
 110 169 171 170 170 168 168 169 168 169 145  18  26  25  25  26
 101 170 171 170 169 168 167 168 166 166 141  19  27  26  26  26
 111 168 171 171 170 170 169 169 168 166 152  18  26  25  25  26
 105 170 168 169 170 169 168 168 168 168 129  17  25  26  25  26
 107 168 172 172 169 157 128 139 137 126 120  20  25  25  26  25
 105 171 174 174 169 110  25  29  31  31  29  27  26  27  25  23
 111 173 171 174 173 130  22  30  29  28  28  27  25  26  25  25
 112 174 172 174 174 117  22  29  28  27  27  27  26  24  25  25
 112 174 174 173 172 125  22  26  28  28  28  26  25  25  25  24
  84 123 145 139 140 104  23  27  27  27  26  26  25  24  23  23

 112 148 149 146 153 122  29  31  29  29  34  36  31  26  25  31
 124 183 179 185 184 141  34  32  26  25  31  33  33  27  27  33
 125 186 184 190 188 127  33  30  33  27  27  31  35  28  27  32
 139 183 185 190 191 148  33  33  32  33  29  33  33  33  27  31
 130 187 187 191 192 132  25  24  27  22  26  36  33  35  31  34
 139 185 189 192 191 169 152 148 167 140 130  38  35  35  33  33
 126 187 189 193 189 185 183 185 186 187 153  39  33  34  32  32
 139 185 188 190 188 187 185 188 191 190 155  38  36  31  36  33
 131 187 188 187 188 189 191 191 192 194 150  34  40  37  34  35
 131 188 188 189 188 186 190 189 187 193 136  30  29  26  28  25
 133 187 188 190 190 190 190 192 190 193 178 129 137 120 132 110
 123 183 189 192 193 195 193 195 193 196 192 192 191 190 197 148
 143 191 192 193 195 196 197 197 196 197 196 198 198 203 203 155
 132 191 194 193 195 196 198 198 197 199 199 202 202 202 202 171
 131 189 191 192 191 192 193 194 193 197 198 196 198 198 198 157
  80 119 124 112 125 119 125 113 120 121 126 118 122 125 127 101
 106 141 149 140 149 114  29  27  27  28  27  27  27  27  26  27
 115 168 169 172 175 135  28  27  28  28  27  26  26  27  27  27
 116 168 171 174 175 121  29  27  26  28  27  26  26  26  27  26
 127 169 173 174 176 141  29  30  27  26  27  27  26  28  27  25
 120 171 173 174 176 121  21  22  21  21  21  28  28  28  28  27
 132 172 173 174 176 161 146 145 156 134 123  30  30  27  30  28
 115 173 174 175 175 174 175 176 176 177 136  31  31  29  30  29
 129 172 175 175 175 175 175 175 177 177 142  33  30  30  29  29
 118 173 175 175 176 176 176 177 177 177 144  34  32  30  29  29
 125 174 174 176 177 177 178 178 177 177 129  26  22  25  25  26
 129 175 176 176 177 177 178 178 177 177 165 118 131 119 128 107
 115 173 177 177 178 178 179 179 179 180 181 180 181 182 182 142
 128 174 177 178 181 182 181 182 182 181 183 183 184 185 184 145
 116 175 178 178 180 182 183 183 183 184 184 184 186 186 186 153
 125 174 177 178 178 180 179 180 180 183 181 182 184 184 184 135
  78 111 117 107 120 111 115 106 114 111 113 110 116 118 118  87
 104 138 145 136 143 111  26  26  26  26  25  23  25  25  24  23
 112 159 159 162 165 130  25  26  25  25  26  25  25  25  25  23
 110 159 160 162 164 116  25  26  25  26  25  27  26  24  25  24
 120 159 161 161 166 136  26  27  26  25  25  26  25  26  25  25
 112 161 162 163 166 115  18  19  18  17  20  27  27  27  26  26
 125 160 162 163 165 159 145 141 152 129 120  29  28  27  28  26
 107 162 163 162 165 167 169 166 166 168 126  31  28  27  28  27
 121 165 165 163 165 166 168 166 168 168 137  31  29  28  28  27
 108 166 168 166 167 167 169 168 169 168 139  29  30  29  26  27
 118 163 166 165 166 167 168 167 169 168 128  25  22  22  22  23
 123 164 166 164 166 168 168 168 170 169 157 110 130 117 125 104
 110 163 167 166 168 170 170 169 170 170 169 169 173 174 172 140
 120 165 168 169 170 170 170 170 171 169 172 174 174 174 173 139
 105 166 169 169 171 170 171 171 171 168 172 174 171 172 174 145
 116 165 167 169 169 171 169 170 168 170 168 171 173 174 174 123
  74 102 110 101 116 105 110 101 111 105 107 105 111 112 112  84

