  90  91  93  92  94  96  96  96  97  99  55 241 255 255 254 254
  91  95  97  96  97  96  96  94  93  91  48 242 254 254 254 254
  92  92  96  96  96  96  96  95  97  96  60 249 254 254 254 254
  93  92  99 102  99  97  95  91 102 107  54 235 255 255 255 255
 136 143 139 148 160 146 152 140 164 145 135 248 255 255 255 254
 253 251 253 255 255 255 255 255 255 254 253 253 254 255 255 254
 254 254 254 255 255 255 255 255 255 255 255 255 255 255 255 255
 254 254 255 255 255 255 255 255 255 255 255 255 255 255 255 255
 255 255 255 255 255 255 255 255 255 255 255 255 255 255 255 255
 255 255 255 255 255 255 255 255 255 255 255 255 255 255 255 255
 255 255 255 255 255 255 255 255 255 255 255 255 255 255 255 255
 255 255 255 255 255 255 255 255 255 255 255 255 255 255 255 255
 255 255 255 255 255 255 255 255 255 255 255 255 255 255 255 255
 255 255 255 255 255 255 255 255 255 255 255 255 255 255 255 255
 255 255 255 255 255 255 255 255 255 255 255 255 255 255 255 255
 255 255 255 255 255 255 255 255 255 255 255 255 255 255 255 255
  96  98 100  99 101 102 102 102 103 104  61 246 255 255 255 255
  98 101 103 102 103 102 102 100 103 105  58 246 255 255 255 255
  99  98 102 102 102 102 102 101 104 105  62 248 255 255 255 255
 101 100 102 102  99 100 104 100 102 106  53 235 255 255 255 255
 138 146 138 147 153 144 151 135 158 144 134 247 255 255 255 255
 254 255 255 255 255 255 255 255 255 254 254 254 254 255 255 255
 255 255 255 255 255 255 255 255 255 255 255 255 255 255 255 255
 255 255 255 255 255 255 255 255 255 255 255 255 255 255 255 255
 255 255 255 255 255 255 255 255 255 255 255 255 255 255 255 255
 255 255 255 255 255 255 255 255 255 255 255 255 255 255 255 255
 255 255 255 255 255 255 255 255 255 255 255 255 255 255 255 255
 255 255 255 255 255 255 255 255 255 255 255 255 255 255 255 255
 255 255 255 255 255 255 255 255 255 255 255 255 255 255 255 255
 255 255 255 255 255 255 255 255 255 255 255 255 255 255 255 255
 255 255 255 255 255 255 255 255 255 255 255 255 255 255 255 255
 255 255 255 255 255 255 255 255 255 255 255 255 255 255 255 255
  91  92  94  93  95  96  96  96  97  99  56 242 255 255 255 255
  92  95  97  96  97  96  96  94  97  99  52 243 255 255 255 255
  93  93  96  96  96  96  96  95  99  99  57 245 254 255 255 255
  95  96  95  95  93  94 100  98  90  97  44 229 253 255 255 255
 133 147 134 143 142 137 146 125 150 137 128 244 254 255 255 255
 254 255 253 253 253 255 255 255 255 253 252 252 254 255 255 255
 255 255 255 255 255 255 255 255 255 254 255 255 254 255 255 255
 255 255 255 255 255 255 255 255 255 255 255 255 255 255 255 255
 255 255 255 255 255 255 255 255 255 255 255 255 255 255 255 255
 255 255 255 255 255 255 255 255 255 255 255 255 255 255 255 255
 255 255 255 255 255 255 255 255 255 255 255 255 255 255 255 255
 255 255 255 255 255 255 255 255 255 255 255 255 255 255 255 255
 255 255 255 255 255 255 255 255 255 255 255 255 255 255 255 255
 255 255 255 255 255 255 255 255 255 255 255 255 255 255 255 255
 255 255 255 255 255 255 255 255 255 255 255 255 255 255 255 255
 255 255 255 255 255 255 255 255 255 255 255 255 255 255 255 255

 254 254 254 255 254 254 255 255 255 255 255 255 255 255 255 255
 254 254 254 255 255 255 255 255 255 255 255 255 255 255 255 255
 255 254 254 255 255 255 255 255 255 255 255 255 255 255 255 255
 255 254 254 255 255 254 255 255 255 255 255 255 255 255 255 255
 241 242 249 235 248 253 255 255 255 255 255 255 255 255 255 255
  55  48  60  54 135 253 255 255 255 255 255 255 255 255 255 255
  99  91  96 107 145 254 255 255 255 255 255 255 255 255 255 255
  97  93  97 102 164 255 255 255 255 255 255 255 255 255 255 255
  96  94  95  91 140 255 255 255 255 255 255 255 255 255 255 255
  96  96  96  95 152 255 255 255 255 255 255 255 255 255 255 255
  96  96  96  97 146 255 255 255 255 255 255 255 255 255 255 255
  94  97  96  99 160 255 255 255 255 255 255 255 255 255 255 255
  92  96  96 102 148 255 255 255 255 255 255 255 255 255 255 255
  93  97  96  99 139 253 254 255 255 255 255 255 255 255 255 255
  91  95  92  92 143 251 254 254 255 255 255 255 255 255 255 255
  90  91  92  93 136 253 254 254 255 255 255 255 255 255 255 255
 255 255 255 255 255 255 255 255 255 255 255 255 255 255 255 255
 255 255 255 255 255 255 255 255 255 255 255 255 255 255 255 255
 255 255 255 255 255 255 255 255 255 255 255 255 255 255 255 255
 255 255 255 255 255 254 255 255 255 255 255 255 255 255 255 255
 246 246 248 235 247 254 255 255 255 255 255 255 255 255 255 255
  61  58  62  53 134 254 255 255 255 255 255 255 255 255 255 255
 104 105 105 106 144 254 255 255 255 255 255 255 255 255 255 255
 103 103 104 102 158 255 255 255 255 255 255 255 255 255 255 255
 102 100 101 100 135 255 255 255 255 255 255 255 255 255 255 255
 102 102 102 104 151 255 255 255 255 255 255 255 255 255 255 255
 102 102 102 100 144 255 255 255 255 255 255 255 255 255 255 255
 101 103 102  99 153 255 255 255 255 255 255 255 255 255 255 255
  99 102 102 102 147 255 255 255 255 255 255 255 255 255 255 255
 100 103 102 102 138 255 255 255 255 255 255 255 255 255 255 255
  98 101  98 100 146 255 255 255 255 255 255 255 255 255 255 255
  96  98  99 101 138 254 255 255 255 255 255 255 255 255 255 255
 255 255 255 255 255 255 255 255 255 255 255 255 255 255 255 255
 255 255 255 255 255 255 255 255 255 255 255 255 255 255 255 255
 255 255 255 255 255 255 255 255 255 255 255 255 255 255 255 255
 255 255 254 253 254 254 254 255 255 255 255 255 255 255 255 255
 242 243 245 229 244 252 255 255 255 255 255 255 255 255 255 255
  56  52  57  44 128 252 255 255 255 255 255 255 255 255 255 255
  99  99  99  97 137 253 254 255 255 255 255 255 255 255 255 255
  97  97  99  90 150 255 255 255 255 255 255 255 255 255 255 255
  96  94  95  98 125 255 255 255 255 255 255 255 255 255 255 255
  96  96  96 100 146 255 255 255 255 255 255 255 255 255 255 255
  96  96  96  94 137 255 255 255 255 255 255 255 255 255 255 255
  95  97  96  93 142 253 255 255 255 255 255 255 255 255 255 255
  93  96  96  95 143 253 255 255 255 255 255 255 255 255 255 255
  94  97  96  95 134 253 255 255 255 255 255 255 255 255 255 255
  92  95  93  96 147 255 255 255 255 255 255 255 255 255 255 255
  91  92  93  95 133 254 255 255 255 255 255 255 255 255 255 255

 255 255 255 255 255 255 255 255 255 255 255 255 255 255 255 255
 255 255 255 255 255 255 255 255 255 255 255 255 255 255 255 255
 255 255 255 255 255 255 255 255 255 255 255 255 255 255 255 255
 255 255 255 255 255 255 255 255 255 255 255 255 255 255 255 255
 255 255 255 255 255 255 255 255 255 255 255 255 255 255 255 255
 255 255 255 255 255 255 255 255 255 255 255 255 255 255 255 255
 255 255 255 255 255 255 255 255 255 255 255 255 255 255 255 255
 255 255 255 255 255 255 255 255 255 255 255 255 255 255 255 255
 255 255 255 255 255 255 255 255 255 255 255 255 255 255 254 254
 255 255 255 255 255 255 255 255 255 255 255 255 255 254 254 254
 254 255 255 254 253 253 254 255 255 255 255 255 255 253 251 253
 254 255 255 255 248 135 145 164 140 152 146 160 148 139 143 136
 255 255 255 255 235  54 107 102  91  95  97  99 102  99  92  93
 254 254 254 254 249  60  96  97  95  96  96  96  96  96  92  92
 254 254 254 254 242  48  91  93  94  96  96  97  96  97  95  91
 254 254 255 255 241  55  99  97  96  96  96  94  92  93  91  90
 255 255 255 255 255 255 255 255 255 255 255 255 255 255 255 255
 255 255 255 255 255 255 255 255 255 255 255 255 255 255 255 255
 255 255 255 255 255 255 255 255 255 255 255 255 255 255 255 255
 255 255 255 255 255 255 255 255 255 255 255 255 255 255 255 255
 255 255 255 255 255 255 255 255 255 255 255 255 255 255 255 255
 255 255 255 255 255 255 255 255 255 255 255 255 255 255 255 255
 255 255 255 255 255 255 255 255 255 255 255 255 255 255 255 255
 255 255 255 255 255 255 255 255 255 255 255 255 255 255 255 255
 255 255 255 255 255 255 255 255 255 255 255 255 255 255 255 255
 255 255 255 255 255 255 255 255 255 255 255 255 255 255 255 255
 255 255 255 254 254 254 254 255 255 255 255 255 255 255 255 254
 255 255 255 255 247 134 144 158 135 151 144 153 147 138 146 138
 255 255 255 255 235  53 106 102 100 104 100  99 102 102 100 101
 255 255 255 255 248  62 105 104 101 102 102 102 102 102  98  99
 255 255 255 255 246  58 105 103 100 102 102 103 102 103 101  98
 255 255 255 255 246  61 104 103 102 102 102 101  99 100  98  96
 255 255 255 255 255 255 255 255 255 255 255 255 255 255 255 255
 255 255 255 255 255 255 255 255 255 255 255 255 255 255 255 255
 255 255 255 255 255 255 255 255 255 255 255 255 255 255 255 255
 255 255 255 255 255 255 255 255 255 255 255 255 255 255 255 255
 255 255 255 255 255 255 255 255 255 255 255 255 255 255 255 255
 255 255 255 255 255 255 255 255 255 255 255 255 255 255 255 255
 255 255 255 255 255 255 255 255 255 255 255 255 255 255 255 255
 255 255 255 255 255 255 255 255 255 255 255 255 255 255 255 255
 255 255 255 255 255 255 255 255 255 255 255 255 255 255 255 255
 255 255 255 254 255 255 254 255 255 255 255 255 255 255 255 255
 255 255 255 254 252 252 253 255 255 255 255 253 253 253 255 254
 255 255 255 254 244 128 137 150 125 146 137 142 143 134 147 133
 255 255 255 253 229  44  97  90  98 100  94  93  95  95  96  95
 255 255 255 254 245  57  99  99  95  96  96  96  96  96  93  93
 255 255 255 255 243  52  99  97  94  96  96  97  96  97  95  92
 255 255 255 255 242  56  99  97  96  96  96  95  93  94  92  91

 255 255 255 255 255 255 255 255 254 254 253 136  93  92  91  90
 255 255 255 255 255 255 255 255 254 254 251 143  92  92  95  91
 255 255 255 255 255 255 255 255 255 254 253 139  99  96  97  93
 255 255 255 255 255 255 255 255 255 255 255 148 102  96  96  92
 255 255 255 255 255 255 255 255 255 255 255 160  99  96  97  94
 255 255 255 255 255 255 255 255 255 255 255 146  97  96  96  96
 255 255 255 255 255 255 255 255 255 255 255 152  95  96  96  96
 255 255 255 255 255 255 255 255 255 255 255 140  91  95  94  96
 255 255 255 255 255 255 255 255 255 255 255 164 102  97  93  97
 255 255 255 255 255 255 255 255 255 255 254 145 107  96  91  99
 255 255 255 255 255 255 255 255 255 255 253 135  54  60  48  55
 255 255 255 255 255 255 255 255 255 255 253 248 235 249 242 241
 255 255 255 255 255 255 255 255 255 255 254 255 255 254 254 255
 255 255 255 255 255 255 255 255 255 255 255 255 255 254 254 255
 255 255 255 255 255 255 255 255 255 255 255 255 255 254 254 254
 255 255 255 255 255 255 255 255 255 255 254 254 255 254 254 254
 255 255 255 255 255 255 255 255 255 255 254 138 101  99  98  96
 255 255 255 255 255 255 255 255 255 255 255 146 100  98 101  98
 255 255 255 255 255 255 255 255 255 255 255 138 102 102 103 100
 255 255 255 255 255 255 255 255 255 255 255 147 102 102 102  99
 255 255 255 255 255 255 255 255 255 255 255 153  99 102 103 101
 255 255 255 255 255 255 255 255 255 255 255 144 100 102 102 102
 255 255 255 255 255 255 255 255 255 255 255 151 104 102 102 102
 255 255 255 255 255 255 255 255 255 255 255 135 100 101 100 102
 255 255 255 255 255 255 255 255 255 255 255 158 102 104 103 103
 255 255 255 255 255 255 255 255 255 255 254 144 106 105 105 104
 255 255 255 255 255 255 255 255 255 255 254 134  53  62  58  61
 255 255 255 255 255 255 255 255 255 255 254 247 235 248 246 246
 255 255 255 255 255 255 255 255 255 255 254 255 255 255 255 255
 255 255 255 255 255 255 255 255 255 255 255 255 255 255 255 255
 255 255 255 255 255 255 255 255 255 255 255 255 255 255 255 255
 255 255 255 255 255 255 255 255 255 255 255 255 255 255 255 255
 255 255 255 255 255 255 255 255 255 255 254 133  95  93  92  91
 255 255 255 255 255 255 255 255 255 255 255 147  96  93  95  92
 255 255 255 255 255 255 255 255 255 255 253 134  95  96  97  94
 255 255 255 255 255 255 255 255 255 255 253 143  95  96  96  93
 255 255 255 255 255 255 255 255 255 255 253 142  93  96  97  95
 255 255 255 255 255 255 255 255 255 255 255 137  94  96  96  96
 255 255 255 255 255 255 255 255 255 255 255 146 100  96  96  96
 255 255 255 255 255 255 255 255 255 255 255 125  98  95  94  96
 255 255 255 255 255 255 255 255 255 255 255 150  90  99  97  97
 255 255 255 255 255 255 255 255 255 254 253 137  97  99  99  99
 255 255 255 255 255 255 255 255 255 255 252 128  44  57  52  56
 255 255 255 255 255 255 255 255 255 255 252 244 229 245 243 242
 255 255 255 255 255 255 255 255 255 254 254 254 253 254 255 255
 255 255 255 255 255 255 255 255 255 255 255 255 255 255 255 255
 255 255 255 255 255 255 255 255 255 255 255 255 255 255 255 255
 255 255 255 255 255 255 255 255 255 255 255 255 255 255 255 255

