  72  75  74  72  43 252 254 254 254 254 254 254 254 254 254 253
  76  72  68  71  46 253 254 254 254 254 254 254 254 254 254 253
  71  67  73  72  42 252 254 254 254 254 254 254 254 254 254 254
  71  59  71  72  51 251 252 252 252 253 254 254 254 254 254 254
 213 195 204 191 201 191 147 161 167 171 162 189 253 254 254 254
 254 252 252 252 249  91  87  81  79  80  70 132 250 253 254 254
 254 254 254 253 251  83  80  75  72  71  64 114 253 254 254 254
 254 254 253 252 254  90  74  80  75  71  64 123 254 254 254 254
 254 254 254 253 252 106  75  77  78  79  76 111 255 254 254 254
 254 254 254 254 251  98  77  77  78  81  74 100 254 252 254 254
 254 254 254 253 253 136  97 102  97  94 118 145 254 250 253 254
 254 254 254 252 253 251 251 254 252 253 253 254 254 253 254 254
 253 254 254 254 254 254 254 254 254 254 254 254 254 254 254 254
 253 254 254 254 254 254 254 254 254 254 254 254 254 254 254 254
 254 254 254 254 254 254 254 254 254 254 254 254 254 254 254 254
 254 254 253 254 254 254 254 254 254 254 254 254 254 254 254 254
  67  68  68  71  45 253 255 255 255 255 255 255 255 255 255 255
  70  70  70  70  41 254 255 255 255 255 255 255 255 255 255 255
  71  72  72  71  40 252 255 255 255 255 255 255 255 255 255 255
  71  70  69  66  40 250 254 254 254 255 255 255 255 255 255 255
 196 181 203 189 197 188 149 162 158 156 156 189 253 255 255 255
 255 255 255 255 253  81  69  75  81  81  72 133 254 255 255 255
 255 255 255 255 254  78  71  73  74  74  66 115 253 255 255 255
 255 255 255 255 254  86  69  75  74  74  65 122 254 255 255 255
 255 255 255 255 255 107  71  75  77  78  67 106 255 255 255 255
 255 255 255 255 255 101  72  75  76  77  69 100 255 255 255 255
 255 255 255 255 255 134  87  91  98  89 102 131 255 255 255 255
 255 255 255 255 255 254 253 255 254 255 253 254 255 255 255 255
 255 255 255 255 255 255 255 255 255 255 255 255 255 255 255 255
 255 255 255 255 255 255 255 255 255 255 255 255 255 255 255 255
 255 255 255 255 255 255 255 255 255 255 255 255 255 255 255 255
 255 255 254 255 255 255 255 255 255 255 255 255 255 255 255 255
  59  60  61  62  37 252 254 255 255 255 255 255 255 255 255 255
  62  62  61  61  35 252 254 255 255 255 255 255 255 255 255 255
  62  63  63  62  32 250 255 255 255 255 255 255 255 255 255 255
  62  58  62  59  33 244 253 252 252 253 255 255 255 255 255 255
 188 169 198 185 190 179 145 160 152 145 148 186 254 255 255 255
 255 254 254 255 250  79  63  74  73  66  61 127 251 254 255 255
 255 255 255 255 253  74  58  65  69  69  61 112 252 254 255 255
 255 255 255 255 254  83  60  64  67  70  60 118 253 254 255 255
 255 255 255 252 253  98  55  65  68  69  59 100 251 252 255 255
 255 255 255 251 254  96  56  66  68  70  63  97 253 253 255 255
 255 255 255 255 254 129  76  88  93  85  88 113 250 254 255 255
 255 255 255 255 254 249 248 254 253 254 253 253 254 255 255 255
 254 255 255 255 255 255 255 255 255 255 255 255 255 255 255 255
 255 255 255 255 255 255 255 255 255 255 255 255 255 255 255 255
 255 255 255 255 255 255 255 255 255 255 255 255 255 255 255 255
 255 255 254 255 255 255 255 255 255 255 255 255 255 255 255 255

 253 253 254 254 254 254 254 254 254 254 254 254 254 254 254 254
 254 254 254 254 254 254 254 254 254 254 253 254 254 254 254 254
 254 254 254 254 254 253 254 254 254 252 250 253 254 254 254 254
 254 254 254 254 253 250 253 254 255 254 254 254 254 254 254 254
 254 254 254 254 189 132 114 123 111 100 145 254 254 254 254 254
 254 254 254 254 162  70  64  64  76  74 118 253 254 254 254 254
 254 254 254 253 171  80  71  71  79  81  94 253 254 254 254 254
 254 254 254 252 167  79  72  75  78  78  97 252 254 254 254 254
 254 254 254 252 161  81  75  80  77  77 102 254 254 254 254 254
 254 254 254 252 147  87  80  74  75  77  97 251 254 254 254 254
 252 253 252 251 191  91  83  90 106  98 136 251 254 254 254 254
  43  46  42  51 201 249 251 254 252 251 253 253 254 254 254 254
  72  71  72  72 191 252 253 252 253 254 253 252 254 254 254 254
  74  68  73  71 204 252 254 253 254 254 254 254 254 254 254 253
  75  72  67  59 195 252 254 254 254 254 254 254 254 254 254 254
  72  76  71  71 213 254 254 254 254 254 254 254 253 253 254 254
 255 255 255 255 255 255 255 255 255 255 255 255 255 255 255 255
 255 255 255 255 255 255 255 255 255 255 255 255 255 255 255 255
 255 255 255 255 255 255 255 255 255 255 255 255 255 255 255 255
 255 255 255 255 253 254 253 254 255 255 255 255 255 255 255 255
 255 255 255 255 189 133 115 122 106 100 131 254 255 255 255 255
 255 255 255 255 156  72  66  65  67  69 102 253 255 255 255 255
 255 255 255 255 156  81  74  74  78  77  89 255 255 255 255 255
 255 255 255 254 158  81  74  74  77  76  98 254 255 255 255 255
 255 255 255 254 162  75  73  75  75  75  91 255 255 255 255 255
 255 255 255 254 149  69  71  69  71  72  87 253 255 255 255 255
 253 254 252 250 188  81  78  86 107 101 134 254 255 255 255 255
  45  41  40  40 197 253 254 254 255 255 255 255 255 255 255 255
  71  70  71  66 189 255 255 255 255 255 255 255 255 255 255 255
  68  70  72  69 203 255 255 255 255 255 255 255 255 255 255 254
  68  70  72  70 181 255 255 255 255 255 255 255 255 255 255 255
  67  70  71  71 196 255 255 255 255 255 255 255 255 255 255 255
 255 255 255 255 255 255 255 255 255 255 255 255 255 255 255 255
 255 255 255 255 255 255 255 255 255 255 255 255 255 255 255 255
 255 255 255 255 255 254 254 254 252 253 254 255 255 255 255 255
 255 255 255 255 254 251 252 253 251 253 250 254 255 255 255 255
 255 255 255 255 186 127 112 118 100  97 113 253 255 255 255 255
 255 255 255 255 148  61  61  60  59  63  88 253 255 255 255 255
 255 255 255 253 145  66  69  70  69  70  85 254 255 255 255 255
 255 255 255 252 152  73  69  67  68  68  93 253 255 255 255 255
 255 255 255 252 160  74  65  64  65  66  88 254 255 255 255 255
 254 254 255 253 145  63  58  60  55  56  76 248 255 255 255 255
 252 252 250 244 179  79  74  83  98  96 129 249 255 255 255 255
  37  35  32  33 190 250 253 254 253 254 254 254 255 255 255 255
  62  61  62  59 185 255 255 255 252 251 255 255 255 255 255 255
  61  61  63  62 198 254 255 255 255 255 255 255 255 255 255 254
  60  62  63  58 169 254 255 255 255 255 255 255 255 255 255 255
  59  62  62  62 188 255 255 255 255 255 255 255 254 255 255 255

 254 254 254 254 254 254 254 254 254 254 254 254 254 253 254 254
 254 254 254 254 254 254 254 254 254 254 254 254 254 254 254 254
 254 254 254 254 254 254 254 254 254 254 254 254 254 254 254 253
 254 254 254 254 254 254 254 254 254 254 254 254 254 254 254 253
 254 254 253 254 254 253 253 252 254 251 251 253 252 254 254 254
 254 253 250 254 145 118  94  97 102  97 136 253 253 254 254 254
 254 254 252 254 100  74  81  78  77  77  98 251 254 254 254 254
 254 254 254 255 111  76  79  78  77  75 106 252 253 254 254 254
 254 254 254 254 123  64  71  75  80  74  90 254 252 253 254 254
 254 254 254 253 114  64  71  72  75  80  83 251 253 254 254 254
 254 254 253 250 132  70  80  79  81  87  91 249 252 252 252 254
 254 254 254 253 189 162 171 167 161 147 191 201 191 204 195 213
 254 254 254 254 254 254 253 252 252 252 251  51  72  71  59  71
 254 254 254 254 254 254 254 254 254 254 252  42  72  73  67  71
 253 254 254 254 254 254 254 254 254 254 253  46  71  68  72  76
 253 254 254 254 254 254 254 254 254 254 252  43  72  74  75  72
 255 255 255 255 255 255 255 255 255 255 255 255 255 254 255 255
 255 255 255 255 255 255 255 255 255 255 255 255 255 255 255 255
 255 255 255 255 255 255 255 255 255 255 255 255 255 255 255 255
 255 255 255 255 255 255 255 255 255 255 255 255 255 255 255 255
 255 255 255 255 254 253 255 254 255 253 254 255 255 255 255 255
 255 255 255 255 131 102  89  98  91  87 134 255 255 255 255 255
 255 255 255 255 100  69  77  76  75  72 101 255 255 255 255 255
 255 255 255 255 106  67  78  77  75  71 107 255 255 255 255 255
 255 255 255 254 122  65  74  74  75  69  86 254 255 255 255 255
 255 255 255 253 115  66  74  74  73  71  78 254 255 255 255 255
 255 255 255 254 133  72  81  81  75  69  81 253 255 255 255 255
 255 255 255 253 189 156 156 158 162 149 188 197 189 203 181 196
 255 255 255 255 255 255 255 254 254 254 250  40  66  69  70  71
 255 255 255 255 255 255 255 255 255 255 252  40  71  72  72  71
 255 255 255 255 255 255 255 255 255 255 254  41  70  70  70  70
 255 255 255 255 255 255 255 255 255 255 253  45  71  68  68  67
 255 255 255 255 255 255 255 255 255 255 255 255 255 254 255 255
 255 255 255 255 255 255 255 255 255 255 255 255 255 255 255 255
 255 255 255 255 255 255 255 255 255 255 255 255 255 255 255 255
 255 255 255 255 255 255 255 255 255 255 255 255 255 255 255 254
 255 255 255 254 253 253 254 253 254 248 249 254 255 255 255 255
 255 255 254 250 113  88  85  93  88  76 129 254 255 255 255 255
 255 255 253 253  97  63  70  68  66  56  96 254 251 255 255 255
 255 255 252 251 100  59  69  68  65  55  98 253 252 255 255 255
 255 255 254 253 118  60  70  67  64  60  83 254 255 255 255 255
 255 255 254 252 112  61  69  69  65  58  74 253 255 255 255 255
 255 255 254 251 127  61  66  73  74  63  79 250 255 254 254 255
 255 255 255 254 186 148 145 152 160 145 179 190 185 198 169 188
 255 255 255 255 255 255 253 252 252 253 244  33  59  62  58  62
 255 255 255 255 255 255 255 255 255 255 250  32  62  63  63  62
 255 255 255 255 255 255 255 255 255 254 252  35  61  61  62  62
 255 255 255 255 255 255 255 255 255 254 252  37  62  61  60  59

 254 254 253 253 254 254 254 254 254 254 254 213  71  71  76  72
 254 254 254 254 254 254 254 254 254 254 252 195  59  67  72  75
 253 254 254 254 254 254 254 254 253 254 252 204  71  73  68  74
 254 254 254 254 252 253 254 253 252 253 252 191  72  72  71  72
 254 254 254 254 253 253 251 252 254 251 249 201  51  42  46  43
 254 254 254 254 251 136  98 106  90  83  91 191 251 252 253 252
 254 254 254 254 251  97  77  75  74  80  87 147 252 254 254 254
 254 254 254 254 254 102  77  77  80  75  81 161 252 254 254 254
 254 254 254 254 252  97  78  78  75  72  79 167 252 254 254 254
 254 254 254 254 253  94  81  79  71  71  80 171 253 254 254 254
 254 254 254 254 253 118  74  76  64  64  70 162 254 254 254 254
 254 254 254 254 254 145 100 111 123 114 132 189 254 254 254 254
 254 254 254 254 254 254 254 255 254 253 250 253 254 254 254 254
 254 254 254 254 253 250 252 254 254 254 253 254 254 254 254 254
 254 254 254 254 254 253 254 254 254 254 254 254 254 254 254 254
 254 254 254 254 254 254 254 254 254 254 254 254 254 254 253 253
 255 255 255 255 255 255 255 255 255 255 255 196  71  71  70  67
 255 255 255 255 255 255 255 255 255 255 255 181  70  72  70  68
 254 255 255 255 255 255 255 255 255 255 255 203  69  72  70  68
 255 255 255 255 255 255 255 255 255 255 255 189  66  71  70  71
 255 255 255 255 255 255 255 255 254 254 253 197  40  40  41  45
 255 255 255 255 254 134 101 107  86  78  81 188 250 252 254 253
 255 255 255 255 253  87  72  71  69  71  69 149 254 255 255 255
 255 255 255 255 255  91  75  75  75  73  75 162 254 255 255 255
 255 255 255 255 254  98  76  77  74  74  81 158 254 255 255 255
 255 255 255 255 255  89  77  78  74  74  81 156 255 255 255 255
 255 255 255 255 253 102  69  67  65  66  72 156 255 255 255 255
 255 255 255 255 254 131 100 106 122 115 133 189 255 255 255 255
 255 255 255 255 255 255 255 255 254 253 254 253 255 255 255 255
 255 255 255 255 255 255 255 255 255 255 255 255 255 255 255 255
 255 255 255 255 255 255 255 255 255 255 255 255 255 255 255 255
 255 255 255 255 255 255 255 255 255 255 255 255 255 255 255 255
 255 255 255 254 255 255 255 255 255 255 255 188  62  62  62  59
 255 255 255 255 255 255 255 255 255 255 254 169  58  63  62  60
 254 255 255 255 255 255 255 255 255 255 254 198  62  63  61  61
 255 255 255 255 255 255 251 252 255 255 255 185  59  62  61  62
 255 255 255 255 254 254 254 253 254 253 250 190  33  32  35  37
 255 255 255 255 249 129  96  98  83  74  79 179 244 250 252 252
 255 255 255 255 248  76  56  55  60  58  63 145 253 255 254 254
 255 255 255 255 254  88  66  65  64  65  74 160 252 255 255 255
 255 255 255 255 253  93  68  68  67  69  73 152 252 255 255 255
 255 255 255 255 254  85  70  69  70  69  66 145 253 255 255 255
 255 255 255 255 253  88  63  59  60  61  61 148 255 255 255 255
 255 255 255 255 253 113  97 100 118 112 127 186 255 255 255 255
 255 255 255 255 254 250 253 251 253 252 251 254 255 255 255 255
 255 255 255 255 255 254 253 252 254 254 254 255 255 255 255 255
 255 255 255 255 255 255 255 255 255 255 255 255 255 255 255 255
 255 255 255 255 255 255 255 255 255 255 255 255 255 255 255 255

