  97  95  95  95  95 100  97  99  99 100  99  66 254 255 255 255
  92  92  93  93  93  96  97  99  99  98  99  68 255 255 255 255
  90  91  90  92  93  96  97  98  98 105 103  68 252 255 255 255
  92  93  93  96  98  98  95  98  99  99  98  66 250 252 252 254
  97  99  99 100  89 129 133 136 146 132 129 145 251 252 249 245
  97 100 100 108  64 228 249 254 252 252 253 251  91 101  96 109
  97 100  97  98  60 243 254 253 255 255 255 254  93 102 100  96
  97 101 102 104  59 237 254 255 255 255 252 254  94  99  91  94
  98 102 104 104  52 227 253 255 255 255 251 253  93 104 100  97
  98 103 107 105  59 240 254 255 255 255 252 251  95 106 102 100
  88  97  94  98  55 233 254 254 255 255 254 253  87  95  98  83
 221 211 214 221 217 253 255 255 255 255 255 253 223 220 234 226
 254 254 254 255 255 255 255 255 255 255 255 254 254 253 251 255
 254 255 255 255 255 255 255 255 255 255 255 255 255 255 255 255
 254 255 255 255 255 255 255 255 255 255 255 255 255 255 255 255
 255 255 255 255 255 255 255 255 255 255 255 255 255 255 255 255
  89  88  89  89  90  92  89  91  92  96  95  61 254 255 255 255
  90  90  88  90  89  92  91  93  94  97  96  62 254 255 255 255
  89  89  88  90  91  93  92  95  96  97  96  65 253 255 255 255
  90  90  89  90  93  93  96  98  97  95  96  66 252 255 255 255
  89  91  93  94  83 127 127 120 132 126 116 128 252 254 248 247
  90  94  93  92  52 232 253 254 253 254 254 253  84  94  93  96
  91  94  93  96  52 241 255 254 255 255 255 255  92  96  98  95
  91  94  95  96  54 236 254 255 255 255 254 255  89  93  96  93
  92  95  95  96  47 227 254 255 255 255 255 254  89  94  95  94
  95  96  95  97  54 239 254 255 255 255 255 254  92  94  95  96
  86  92  86  90  47 231 255 255 255 255 254 253  80  86  88  82
 219 207 209 215 203 251 255 255 255 255 255 254 221 215 225 222
 254 254 254 255 255 255 255 255 255 255 255 254 254 255 253 255
 255 255 255 255 255 255 255 255 255 255 255 255 255 255 255 255
 255 255 255 255 255 255 255 255 255 255 255 255 255 255 255 255
 255 255 255 255 255 255 255 255 255 255 255 255 255 255 255 255
  74  75  79  79  79  82  79  81  80  79  80  50 252 255 255 255
  73  75  78  80  79  82  80  82  82  79  82  54 252 255 255 255
  78  80  79  81  83  83  81  82  83  79  82  57 252 255 255 255
  77  76  77  77  79  78  79  81  81  83  87  61 250 254 254 254
  79  81  79  78  68 114 114 103 119 118 103 117 250 252 246 245
  80  83  81  83  45 228 252 253 254 250 251 254  73  83  86  84
  80  83  80  76  40 234 252 254 255 255 252 255  82  78  82  83
  77  79  79  79  42 229 253 255 255 255 252 252  79  81  83  82
  76  79  80  81  38 222 253 255 255 255 254 252  80  81  83  80
  78  80  80  83  45 235 253 255 255 255 254 252  84  83  80  79
  70  78  73  76  33 225 252 254 255 255 254 252  73  71  75  78
 213 201 204 212 199 249 255 255 255 255 255 254 218 210 221 219
 253 254 254 255 255 255 255 255 255 255 255 254 254 255 254 255
 254 255 255 255 255 255 255 255 255 255 255 255 255 255 255 255
 255 255 255 255 255 255 255 255 255 255 255 255 255 255 255 255
 254 255 255 255 255 255 255 255 255 255 255 255 255 255 255 255

 255 255 255 254 245 109  96  94  97 100  83 226 255 255 255 255
 255 255 255 252 249  96 100  91 100 102  98 234 251 255 255 255
 255 255 255 252 252 101 102  99 104 106  95 220 253 255 255 255
 254 255 252 250 251  91  93  94  93  95  87 223 254 255 255 255
  66  68  68  66 145 251 254 254 253 251 253 253 254 255 255 255
  99  99 103  98 129 253 255 252 251 252 254 255 255 255 255 255
 100  98 105  99 132 252 255 255 255 255 255 255 255 255 255 255
  99  99  98  99 146 252 255 255 255 255 255 255 255 255 255 255
  99  99  98  98 136 254 253 255 255 255 254 255 255 255 255 255
  97  97  97  95 133 249 254 254 253 254 254 255 255 255 255 255
 100  96  96  98 129 228 243 237 227 240 233 253 255 255 255 255
  95  93  93  98  89  64  60  59  52  59  55 217 255 255 255 255
  95  93  92  96 100 108  98 104 104 105  98 221 255 255 255 255
  95  93  90  93  99 100  97 102 104 107  94 214 254 255 255 255
  95  92  91  93  99 100 100 101 102 103  97 211 254 255 255 255
  97  92  90  92  97  97  97  97  98  98  88 221 254 254 254 255
 255 255 255 255 247  96  95  93  94  96  82 222 255 255 255 255
 255 255 255 255 248  93  98  96  95  95  88 225 253 255 255 255
 255 255 255 255 254  94  96  93  94  94  86 215 255 255 255 255
 254 254 253 252 252  84  92  89  89  92  80 221 254 255 255 255
  61  62  65  66 128 253 255 255 254 254 253 254 254 255 255 255
  95  96  96  96 116 254 255 254 255 255 254 255 255 255 255 255
  96  97  97  95 126 254 255 255 255 255 255 255 255 255 255 255
  92  94  96  97 132 253 255 255 255 255 255 255 255 255 255 255
  91  93  95  98 120 254 254 255 255 255 255 255 255 255 255 255
  89  91  92  96 127 253 255 254 254 254 255 255 255 255 255 255
  92  92  93  93 127 232 241 236 227 239 231 251 255 255 255 255
  90  89  91  93  83  52  52  54  47  54  47 203 255 255 255 255
  89  90  90  90  94  92  96  96  96  97  90 215 255 255 255 255
  89  88  88  89  93  93  93  95  95  95  86 209 254 255 255 255
  88  90  89  90  91  94  94  94  95  96  92 207 254 255 255 255
  89  90  89  90  89  90  91  91  92  95  86 219 254 255 255 255
 255 255 255 254 245  84  83  82  80  79  78 219 255 255 255 255
 255 255 255 254 246  86  82  83  83  80  75 221 254 255 255 255
 255 255 255 254 252  83  78  81  81  83  71 210 255 255 255 255
 252 252 252 250 250  73  82  79  80  84  73 218 254 255 255 255
  50  54  57  61 117 254 255 252 252 252 252 254 254 255 255 255
  80  82  82  87 103 251 252 252 254 254 254 255 255 255 255 255
  79  79  79  83 118 250 255 255 255 255 255 255 255 255 255 255
  80  82  83  81 119 254 255 255 255 255 255 255 255 255 255 255
  81  82  82  81 103 253 254 255 255 255 254 255 255 255 255 255
  79  80  81  79 114 252 252 253 253 253 252 255 255 255 255 255
  82  82  83  78 114 228 234 229 222 235 225 249 255 255 255 255
  79  79  83  79  68  45  40  42  38  45  33 199 255 255 255 255
  79  80  81  77  78  83  76  79  81  83  76 212 255 255 255 255
  79  78  79  77  79  81  80  79  80  80  73 204 254 255 255 255
  75  75  80  76  81  83  83  79  79  80  78 201 254 255 255 255
  74  73  78  77  79  80  80  77  76  78  70 213 253 254 255 254

 255 255 255 255 255 255 255 255 255 255 255 255 255 255 255 255
 255 255 255 255 255 255 255 255 255 255 255 255 255 255 255 254
 255 255 255 255 255 255 255 255 255 255 255 255 255 255 255 254
 255 251 253 254 254 255 255 255 255 255 255 255 255 254 254 254
 226 234 220 223 253 255 255 255 255 255 253 217 221 214 211 221
  83  98  95  87 253 254 255 255 254 254 233  55  98  94  97  88
 100 102 106  95 251 252 255 255 255 254 240  59 105 107 103  98
  97 100 104  93 253 251 255 255 255 253 227  52 104 104 102  98
  94  91  99  94 254 252 255 255 255 254 237  59 104 102 101  97
  96 100 102  93 254 255 255 255 253 254 243  60  98  97 100  97
 109  96 101  91 251 253 252 252 254 249 228  64 108 100 100  97
 245 249 252 251 145 129 132 146 136 133 129  89 100  99  99  97
 254 252 252 250  66  98  99  99  98  95  98  98  96  93  93  92
 255 255 255 252  68 103 105  98  98  97  96  93  92  90  91  90
 255 255 255 255  68  99  98  99  99  97  96  93  93  93  92  92
 255 255 255 254  66  99 100  99  99  97 100  95  95  95  95  97
 255 255 255 255 255 255 255 255 255 255 255 255 255 255 255 255
 255 255 255 255 255 255 255 255 255 255 255 255 255 255 255 255
 255 255 255 255 255 255 255 255 255 255 255 255 255 255 255 255
 255 253 255 254 254 255 255 255 255 255 255 255 255 254 254 254
 222 225 215 221 254 255 255 255 255 255 251 203 215 209 207 219
  82  88  86  80 253 254 255 255 255 255 231  47  90  86  92  86
  96  95  94  92 254 255 255 255 255 254 239  54  97  95  96  95
  94  95  94  89 254 255 255 255 255 254 227  47  96  95  95  92
  93  96  93  89 255 254 255 255 255 254 236  54  96  95  94  91
  95  98  96  92 255 255 255 255 254 255 241  52  96  93  94  91
  96  93  94  84 253 254 254 253 254 253 232  52  92  93  94  90
 247 248 254 252 128 116 126 132 120 127 127  83  94  93  91  89
 255 255 255 252  66  96  95  97  98  96  93  93  90  89  90  90
 255 255 255 253  65  96  97  96  95  92  93  91  90  88  89  89
 255 255 255 254  62  96  97  94  93  91  92  89  90  88  90  90
 255 255 255 254  61  95  96  92  91  89  92  90  89  89  88  89
 255 255 255 255 255 255 255 255 255 255 255 255 255 255 255 254
 255 255 255 255 255 255 255 255 255 255 255 255 255 255 255 255
 255 255 255 255 255 255 255 255 255 255 255 255 255 255 255 254
 255 254 255 254 254 255 255 255 255 255 255 255 255 254 254 253
 219 221 210 218 254 255 255 255 255 255 249 199 212 204 201 213
  78  75  71  73 252 254 255 255 254 252 225  33  76  73  78  70
  79  80  83  84 252 254 255 255 255 253 235  45  83  80  80  78
  80  83  81  80 252 254 255 255 255 253 222  38  81  80  79  76
  82  83  81  79 252 252 255 255 255 253 229  42  79  79  79  77
  83  82  78  82 255 252 255 255 254 252 234  40  76  80  83  80
  84  86  83  73 254 251 250 254 253 252 228  45  83  81  83  80
 245 246 252 250 117 103 118 119 103 114 114  68  78  79  81  79
 254 254 254 250  61  87  83  81  81  79  78  79  77  77  76  77
 255 255 255 252  57  82  79  83  82  81  83  83  81  79  80  78
 255 255 255 252  54  82  79  82  82  80  82  79  80  78  75  73
 255 255 255 252  50  80  79  80  81  79  82  79  79  79  75  74

 255 254 254 254 221  88  98  98  97  97  97  97  92  90  92  97
 255 255 255 254 211  97 103 102 101 100 100  99  93  91  92  95
 255 255 255 254 214  94 107 104 102  97 100  99  93  90  93  95
 255 255 255 255 221  98 105 104 104  98 108 100  96  92  93  95
 255 255 255 255 217  55  59  52  59  60  64  89  98  93  93  95
 255 255 255 255 253 233 240 227 237 243 228 129  98  96  96 100
 255 255 255 255 255 254 254 253 254 254 249 133  95  97  97  97
 255 255 255 255 255 254 255 255 255 253 254 136  98  98  99  99
 255 255 255 255 255 255 255 255 255 255 252 146  99  98  99  99
 255 255 255 255 255 255 255 255 255 255 252 132  99 105  98 100
 255 255 255 255 255 254 252 251 252 255 253 129  98 103  99  99
 255 255 255 254 253 253 251 253 254 254 251 145  66  68  68  66
 255 255 255 254 223  87  95  93  94  93  91 251 250 252 255 254
 255 255 255 253 220  95 106 104  99 102 101 252 252 255 255 255
 255 255 255 251 234  98 102 100  91 100  96 249 252 255 255 255
 255 255 255 255 226  83 100  97  94  96 109 245 254 255 255 255
 255 255 255 254 219  86  95  92  91  91  90  89  90  89  90  89
 255 255 255 254 207  92  96  95  94  94  94  91  90  89  90  88
 255 255 255 254 209  86  95  95  95  93  93  93  89  88  88  89
 255 255 255 255 215  90  97  96  96  96  92  94  90  90  90  89
 255 255 255 255 203  47  54  47  54  52  52  83  93  91  89  90
 255 255 255 255 251 231 239 227 236 241 232 127  93  93  92  92
 255 255 255 255 255 255 254 254 254 255 253 127  96  92  91  89
 255 255 255 255 255 255 255 255 255 254 254 120  98  95  93  91
 255 255 255 255 255 255 255 255 255 255 253 132  97  96  94  92
 255 255 255 255 255 255 255 255 255 255 254 126  95  97  97  96
 255 255 255 255 255 254 255 255 254 255 254 116  96  96  96  95
 255 255 255 254 254 253 254 254 255 255 253 128  66  65  62  61
 255 255 255 254 221  80  92  89  89  92  84 252 252 253 254 254
 255 255 255 255 215  86  94  94  93  96  94 254 255 255 255 255
 255 255 255 253 225  88  95  95  96  98  93 248 255 255 255 255
 255 255 255 255 222  82  96  94  93  95  96 247 255 255 255 255
 254 255 254 253 213  70  78  76  77  80  80  79  77  78  73  74
 255 255 255 254 201  78  80  79  79  83  83  81  76  80  75  75
 255 255 255 254 204  73  80  80  79  80  81  79  77  79  78  79
 255 255 255 255 212  76  83  81  79  76  83  78  77  81  80  79
 255 255 255 255 199  33  45  38  42  40  45  68  79  83  79  79
 255 255 255 255 249 225 235 222 229 234 228 114  78  83  82  82
 255 255 255 255 255 252 253 253 253 252 252 114  79  81  80  79
 255 255 255 255 255 254 255 255 255 254 253 103  81  82  82  81
 255 255 255 255 255 255 255 255 255 255 254 119  81  83  82  80
 255 255 255 255 255 255 255 255 255 255 250 118  83  79  79  79
 255 255 255 255 255 254 254 254 252 252 251 103  87  82  82  80
 255 255 255 254 254 252 252 252 252 255 254 117  61  57  54  50
 255 255 255 254 218  73  84  80  79  82  73 250 250 252 252 252
 255 255 255 255 210  71  83  81  81  78  83 252 254 255 255 255
 255 255 255 254 221  75  80  83  83  82  86 246 254 255 255 255
 255 255 255 255 219  78  79  80  82  83  84 245 254 255 255 255

