  36  34  31  26  27  35  37  39  51  43  34 132 156 158 156 161
  30  30  30  28  33  34  33  37  41  39  32 187 218 219 223 224
  34  24  24  28  33  36  36  35  39  35  21 195 221 222 220 218
  26  26  26  24  32  30  31  37  38  35  21 201 217 221 219 214
  29  31  31  31  32  36  34  40  41  38  21 190 213 213 215 213
  33  37  37  37  41  44 142 135 132 130 131 134 145 147 139 139
  36  33  30  32  43  44 212 205 206 205 214  67  45  41  41  40
  34  34  30  30  34  21 206 202 202 203 208  58  39  36  35  33
  33  35  38  35  35  32 203 200 201 203 210  44  40  42  32  31
  31  34  32  36  38  44 199 201 200 201 214  66  48  44  31  32
  52 154 142 133 128 125 201 203 204 205 208 144 137 142 145 148
  68 205 204 204 204 205 202 204 207 207 211 212 209 209 204 208
  68 202 201 202 204 206 208 205 205 207 208 207 207 210 211 209
  62 198 199 200 202 204 206 203 205 206 205 205 206 208 208 206
  60 191 196 194 195 199 198 198 202 201 199 200 201 204 204 206
  49 122 123 120 117 115 118 123 130 134 130 120 123 127 123 129
  29  27  28  29  31  32  34  31  33  34  25 123 144 145 143 147
  29  27  27  29  29  29  32  32  34  35  19 182 203 202 203 204
  27  28  28  29  29  30  33  32  34  30  17 185 200 200 200 200
  29  27  27  30  29  30  31  31  33  34  19 193 198 200 197 198
  27  27  28  28  30  32  31  35  36  34  20 182 195 196 196 196
  28  29  31  31  34  37 137 128 127 128 129 122 125 125 124 127
  31  30  31  31  33  33 201 187 187 187 198  59  35  34  34  34
  28  30  30  31  31  22 199 186 186 185 195  52  34  31  30  31
  27  28  30  31  31  28 196 184 185 185 197  41  32  29  31  31
  28  31  32  32  32  40 191 184 184 185 199  63  35  34  32  31
  45 138 124 120 116 115 189 186 186 186 191 133 127 125 124 128
  64 193 184 186 186 187 185 187 188 187 188 191 193 193 190 190
  64 189 184 185 186 186 186 186 188 188 189 188 190 192 190 191
  58 185 181 181 184 185 185 184 186 186 187 187 188 190 189 189
  56 181 176 177 179 182 181 182 184 184 184 185 184 186 186 189
  44 112 112 112 114 115 117 119 122 123 120 115 118 118 118 122
  22  22  24  29  27  27  30  28  26  30  24 118 134 136 135 137
  23  23  23  25  27  27  30  30  30  30  15 167 180 183 183 184
  24  23  23  24  25  27  29  28  28  30  14 177 182 184 181 184
  25  25  25  22  25  28  28  29  32  32  18 183 179 181 181 184
  22  24  24  24  26  29  29  31  30  30  16 171 178 176 177 179
  25  25  26  27  28  33 131 118 118 117 119 110 101 105 107 109
  26  24  24  26  25  30 191 168 170 171 182  50  30  33  31  28
  24  26  26  29  25  20 190 166 170 170 179  43  27  28  29  25
  25  25  27  27  26  24 186 165 168 170 184  35  27  24  28  27
  23  26  27  28  28  37 181 164 168 169 184  58  31  28  26  26
  41 131 115 113 110 109 176 166 170 169 174 125 120 119 120 124
  61 180 166 170 171 172 170 168 169 170 172 174 174 174 175 175
  62 178 165 169 170 168 169 169 170 170 171 172 174 177 172 173
  56 175 164 166 168 168 168 170 169 169 169 171 173 175 173 173
  53 173 163 163 163 166 165 169 166 166 166 167 169 171 170 174
  39 102 101 103 108 109 110 109 111 114 112 107 109 109 107 112

 161 224 218 214 213 139  40  33  31  32 148 208 209 206 206 129
 156 223 220 219 215 139  41  35  32  31 145 204 211 208 204 123
 158 219 222 221 213 147  41  36  42  44 142 209 210 208 204 127
 156 218 221 217 213 145  45  39  40  48 137 209 207 206 201 123
 132 187 195 201 190 134  67  58  44  66 144 212 207 205 200 120
  34  32  21  21  21 131 214 208 210 214 208 211 208 205 199 130
  43  39  35  35  38 130 205 203 203 201 205 207 207 206 201 134
  51  41  39  38  41 132 206 202 201 200 204 207 205 205 202 130
  39  37  35  37  40 135 205 202 200 201 203 204 205 203 198 123
  37  33  36  31  34 142 212 206 203 199 201 202 208 206 198 118
  35  34  36  30  36  44  44  21  32  44 125 205 206 204 199 115
  27  33  33  32  32  41  43  34  35  38 128 204 204 202 195 117
  26  28  28  24  31  37  32  30  35  36 133 204 202 200 194 120
  31  30  24  26  31  37  30  30  38  32 142 204 201 199 196 123
  34  30  24  26  31  37  33  34  35  34 154 205 202 198 191 122
  36  30  34  26  29  33  36  34  33  31  52  68  68  62  60  49
 147 204 200 198 196 127  34  31  31  31 128 190 191 189 189 122
 143 203 200 197 196 124  34  30  31  32 124 190 190 189 186 118
 145 202 200 200 196 125  34  31  29  34 125 193 192 190 186 118
 144 203 200 198 195 125  35  34  32  35 127 193 190 188 184 118
 123 182 185 193 182 122  59  52  41  63 133 191 188 187 185 115
  25  19  17  19  20 129 198 195 197 199 191 188 189 187 184 120
  34  35  30  34  34 128 187 185 185 185 186 187 188 186 184 123
  33  34  34  33  36 127 187 186 185 184 186 188 188 186 184 122
  31  32  32  31  35 128 187 186 184 184 186 187 186 184 182 119
  34  32  33  31  31 137 201 199 196 191 189 185 186 185 181 117
  32  29  30  30  32  37  33  22  28  40 115 187 186 185 182 115
  31  29  29  29  30  34  33  31  31  32 116 186 186 184 179 114
  29  29  29  30  28  31  31  31  31  32 120 186 185 181 177 112
  28  27  28  27  28  31  31  30  30  32 124 184 184 181 176 112
  27  27  28  27  27  29  30  30  28  31 138 193 189 185 181 112
  29  29  27  29  27  28  31  28  27  28  45  64  64  58  56  44
 137 184 184 184 179 109  28  25  27  26 124 175 173 173 174 112
 135 183 181 181 177 107  31  29  28  26 120 175 172 173 170 107
 136 183 184 181 176 105  33  28  24  28 119 174 177 175 171 109
 134 180 182 179 178 101  30  27  27  31 120 174 174 173 169 109
 118 167 177 183 171 110  50  43  35  58 125 174 172 171 167 107
  24  15  14  18  16 119 182 179 184 184 174 172 171 169 166 112
  30  30  30  32  30 117 171 170 170 169 169 170 170 169 166 114
  26  30  28  32  30 118 170 170 168 168 170 169 170 169 166 111
  28  30  28  29  31 118 168 166 165 164 166 168 169 170 169 109
  30  30  29  28  29 131 191 190 186 181 176 170 169 168 165 110
  27  27  27  28  29  33  30  20  24  37 109 172 168 168 166 109
  27  27  25  25  26  28  25  25  26  28 110 171 170 168 163 108
  29  25  24  22  24  27  26  29  27  28 113 170 169 166 163 103
  24  23  23  25  24  26  24  26  27  27 115 166 165 164 163 101
  22  23  23  25  24  25  24  26  25  26 131 180 178 175 173 102
  22  23  24  25  22  25  26  24  25  23  41  61  62  56  53  39

 129 123 127 123 120 130 134 130 123 118 115 117 120 123 122  49
 206 204 204 201 200 199 201 202 198 198 199 195 194 196 191  60
 206 208 208 206 205 205 206 205 203 206 204 202 200 199 198  62
 209 211 210 207 207 208 207 205 205 208 206 204 202 201 202  68
 208 204 209 209 212 211 207 207 204 202 205 204 204 204 205  68
 148 145 142 137 144 208 205 204 203 201 125 128 133 142 154  52
  32  31  44  48  66 214 201 200 201 199  44  38  36  32  34  31
  31  32  42  40  44 210 203 201 200 203  32  35  35  38  35  33
  33  35  36  39  58 208 203 202 202 206  21  34  30  30  34  34
  40  41  41  45  67 214 205 206 205 212  44  43  32  30  33  36
 139 139 147 145 134 131 130 132 135 142  44  41  37  37  37  33
 213 215 213 213 190  21  38  41  40  34  36  32  31  31  31  29
 214 219 221 217 201  21  35  38  37  31  30  32  24  26  26  26
 218 220 222 221 195  21  35  39  35  36  36  33  28  24  24  34
 224 223 219 218 187  32  39  41  37  33  34  33  28  30  30  30
 161 156 158 156 132  34  43  51  39  37  35  27  26  31  34  36
 122 118 118 118 115 120 123 122 119 117 115 114 112 112 112  44
 189 186 186 184 185 184 184 184 182 181 182 179 177 176 181  56
 189 189 190 188 187 187 186 186 184 185 185 184 181 181 185  58
 191 190 192 190 188 189 188 188 186 186 186 186 185 184 189  64
 190 190 193 193 191 188 187 188 187 185 187 186 186 184 193  64
 128 124 125 127 133 191 186 186 186 189 115 116 120 124 138  45
  31  32  34  35  63 199 185 184 184 191  40  32  32  32  31  28
  31  31  29  32  41 197 185 185 184 196  28  31  31  30  28  27
  31  30  31  34  52 195 185 186 186 199  22  31  31  30  30  28
  34  34  34  35  59 198 187 187 187 201  33  33  31  31  30  31
 127 124 125 125 122 129 128 127 128 137  37  34  31  31  29  28
 196 196 196 195 182  20  34  36  35  31  32  30  28  28  27  27
 198 197 200 198 193  19  34  33  31  31  30  29  30  27  27  29
 200 200 200 200 185  17  30  34  32  33  30  29  29  28  28  27
 204 203 202 203 182  19  35  34  32  32  29  29  29  27  27  29
 147 143 145 144 123  25  34  33  31  34  32  31  29  28  27  29
 112 107 109 109 107 112 114 111 109 110 109 108 103 101 102  39
 174 170 171 169 167 166 166 166 169 165 166 163 163 163 173  53
 173 173 175 173 171 169 169 169 170 168 168 168 166 164 175  56
 173 172 177 174 172 171 170 170 169 169 168 170 169 165 178  62
 175 175 174 174 174 172 170 169 168 170 172 171 170 166 180  61
 124 120 119 120 125 174 169 170 166 176 109 110 113 115 131  41
  26  26  28  31  58 184 169 168 164 181  37  28  28  27  26  23
  27  28  24  27  35 184 170 168 165 186  24  26  27  27  25  25
  25  29  28  27  43 179 170 170 166 190  20  25  29  26  26  24
  28  31  33  30  50 182 171 170 168 191  30  25  26  24  24  26
 109 107 105 101 110 119 117 118 118 131  33  28  27  26  25  25
 179 177 176 178 171  16  30  30  31  29  29  26  24  24  24  22
 184 181 181 179 183  18  32  32  29  28  28  25  22  25  25  25
 184 181 184 182 177  14  30  28  28  29  27  25  24  23  23  24
 184 183 183 180 167  15  30  30  30  30  27  27  25  23  23  23
 137 135 136 134 118  24  30  26  28  30  27  27  29  24  22  22

  49  60  62  68  68  52  31  33  34  36  33  29  26  34  30  36
 122 191 198 202 205 154  34  35  34  33  37  31  26  24  30  34
 123 196 199 201 204 142  32  38  30  30  37  31  26  24  30  31
 120 194 200 202 204 133  36  35  30  32  37  31  24  28  28  26
 117 195 202 204 204 128  38  35  34  43  41  32  32  33  33  27
 115 199 204 206 205 125  44  32  21  44  44  36  30  36  34  35
 118 198 206 208 202 201 199 203 206 212 142  34  31  36  33  37
 123 198 203 205 204 203 201 200 202 205 135  40  37  35  37  39
 130 202 205 205 207 204 200 201 202 206 132  41  38  39  41  51
 134 201 206 207 207 205 201 203 203 205 130  38  35  35  39  43
 130 199 205 208 211 208 214 210 208 214 131  21  21  21  32  34
 120 200 205 207 212 144  66  44  58  67 134 190 201 195 187 132
 123 201 206 207 209 137  48  40  39  45 145 213 217 221 218 156
 127 204 208 210 209 142  44  42  36  41 147 213 221 222 219 158
 123 204 208 211 204 145  31  32  35  41 139 215 219 220 223 156
 129 206 206 209 208 148  32  31  33  40 139 213 214 218 224 161
  44  56  58  64  64  45  28  27  28  31  28  27  29  27  29  29
 112 181 185 189 193 138  31  28  30  30  29  27  27  28  27  27
 112 176 181 184 184 124  32  30  30  31  31  28  27  28  27  28
 112 177 181 185 186 120  32  31  31  31  31  28  30  29  29  29
 114 179 184 186 186 116  32  31  31  33  34  30  29  29  29  31
 115 182 185 186 187 115  40  28  22  33  37  32  30  30  29  32
 117 181 185 186 185 189 191 196 199 201 137  31  31  33  32  34
 119 182 184 186 187 186 184 184 186 187 128  35  31  32  32  31
 122 184 186 188 188 186 184 185 186 187 127  36  33  34  34  33
 123 184 186 188 187 186 185 185 185 187 128  34  34  30  35  34
 120 184 187 189 188 191 199 197 195 198 129  20  19  17  19  25
 115 185 187 188 191 133  63  41  52  59 122 182 193 185 182 123
 118 184 188 190 193 127  35  32  34  35 125 195 198 200 203 144
 118 186 190 192 193 125  34  29  31  34 125 196 200 200 202 145
 118 186 189 190 190 124  32  31  30  34 124 196 197 200 203 143
 122 189 189 191 190 128  31  31  31  34 127 196 198 200 204 147
  39  53  56  62  61  41  23  25  24  26  25  22  25  24  23  22
 102 173 175 178 180 131  26  25  26  24  25  24  25  23  23  22
 101 163 164 165 166 115  27  27  26  24  26  24  25  23  23  24
 103 163 166 169 170 113  28  27  29  26  27  24  22  24  25  29
 108 163 168 170 171 110  28  26  25  25  28  26  25  25  27  27
 109 166 168 168 172 109  37  24  20  30  33  29  28  27  27  27
 110 165 168 169 170 176 181 186 190 191 131  29  28  29  30  30
 109 169 170 169 168 166 164 165 166 168 118  31  29  28  30  28
 111 166 169 170 169 170 168 168 170 170 118  30  32  28  30  26
 114 166 169 170 170 169 169 170 170 171 117  30  32  30  30  30
 112 166 169 171 172 174 184 184 179 182 119  16  18  14  15  24
 107 167 171 172 174 125  58  35  43  50 110 171 183 177 167 118
 109 169 173 174 174 120  31  27  27  30 101 178 179 182 180 134
 109 171 175 177 174 119  28  24  28  33 105 176 181 184 183 136
 107 170 173 172 175 120  26  28  29  31 107 177 181 181 183 135
 112 174 173 173 175 124  26  27  25  28 109 179 184 184 184 137

