  81  81  87  84  75 254 254 254 254 255 255 255 255 255 255 255
  85  84  89  90  95 255 255 255 255 255 255 255 255 255 255 255
  86  84  87  90 104 254 255 255 255 255 255 255 255 255 255 253
  87  87  88  87  85 254 255 255 255 255 255 255 255 255 255 253
 132 120 117 112 112 243 242 248 245 247 250 253 243 238 246 252
 253 254 253 253 247  67  80  79  81  94 111 103 100 102  96  94
 255 255 255 255 244  54  93  92  89  91  91  91  91  91  87  87
 255 255 255 255 244  43  91  89  88  89  87  89  90  91  87  86
 255 255 255 255 255  60  93  89  88  89  86  87  90  91  87  85
 255 255 255 253 250  68  92  91  91  90  89  89  88  87  85  84
 255 255 255 252 240  44  78  80  82  85  79  74  70  75  76  76
 255 255 255 254 248 211 207 196 203 219 228 223 222 218 215 214
 255 255 255 254 254 254 254 254 254 253 252 253 254 253 253 254
 255 255 255 255 255 255 255 255 255 255 255 255 255 255 255 255
 255 255 255 255 255 255 255 255 255 255 255 255 255 255 255 255
 255 255 255 255 255 255 255 255 255 255 255 255 255 255 255 255
  86  87  89  84  75 255 255 255 255 255 255 255 255 255 255 255
  86  86  87  85  94 255 255 255 255 255 255 255 255 255 255 255
  87  86  87  89 104 255 255 255 255 255 255 255 255 255 255 255
  89  88  90  89  86 254 255 255 255 255 255 255 255 255 255 254
 127 116 113 106 107 246 246 253 255 255 254 254 247 242 250 253
 253 255 255 255 250  74  87  90  94 102 115  97  90  91  86  84
 255 255 255 255 244  56  94  93  91  94  95  95  94  93  89  88
 255 255 255 255 243  42  93  90  90  91  89  91  92  92  89  87
 255 255 255 255 254  55  93  90  90  91  87  89  92  92  89  86
 255 255 255 255 250  69  95  93  93  92  91  91  90  88  86  86
 255 255 255 255 240  41  80  83  85  87  82  79  77  76  77  77
 255 255 255 255 250 214 211 200 206 221 222 212 211 210 205 208
 255 255 255 255 254 255 254 255 255 254 254 255 255 255 254 255
 255 255 255 255 255 255 255 255 255 255 255 255 255 255 255 255
 255 255 255 255 255 255 255 255 255 255 255 255 255 255 255 255
 255 255 255 255 255 255 255 255 255 255 255 255 255 255 255 255
  80  81  85  81  71 253 255 255 255 255 255 255 255 255 255 255
  81  81  86  86  86 252 255 255 255 255 255 255 255 255 255 255
  82  81  85  86 100 253 255 255 255 255 255 255 255 255 255 255
  84  83  85  84  82 253 255 255 255 255 255 255 253 253 254 255
 116 100  96  92  96 242 245 253 254 253 253 254 242 238 245 249
 254 252 252 252 251  76  84  87  90  95 107  92  82  79  70  65
 255 255 255 255 243  51  89  88  86  85  85  85  87  88  84  83
 255 255 255 255 240  33  88  86  85  86  83  85  86  87  84  82
 255 255 255 255 251  43  87  86  85  86  82  84  87  87  84  81
 255 255 255 255 249  47  83  88  88  87  86  86  85  84  81  81
 255 255 255 253 241  38  75  79  81  84  80  75  74  78  79  80
 255 255 255 255 249 213 210 199 205 220 220 206 198 190 186 194
 255 255 255 255 254 254 254 255 255 255 254 254 254 255 254 255
 255 255 255 255 255 255 255 255 255 255 255 255 255 255 255 255
 255 255 255 255 255 255 255 255 255 255 255 255 255 255 255 255
 255 255 255 255 255 255 255 255 255 255 255 255 255 255 255 255

 255 255 253 253 252  94  87  86  85  84  76 214 254 255 255 255
 255 255 255 255 246  96  87  87  87  85  76 215 253 255 255 255
 255 255 255 255 238 102  91  91  91  87  75 218 253 255 255 255
 255 255 255 255 243 100  91  90  90  88  70 222 254 255 255 255
 255 255 255 255 253 103  91  89  87  89  74 223 253 255 255 255
 255 255 255 255 250 111  91  87  86  89  79 228 252 255 255 255
 255 255 255 255 247  94  91  89  89  90  85 219 253 255 255 255
 254 255 255 255 245  81  89  88  88  91  82 203 254 255 255 255
 254 255 255 255 248  79  92  89  89  91  80 196 254 255 255 255
 254 255 255 255 242  80  93  91  93  92  78 207 254 255 255 255
 254 255 254 254 243  67  54  43  60  68  44 211 254 255 255 255
  75  95 104  85 112 247 244 244 255 250 240 248 254 255 255 255
  84  90  90  87 112 253 255 255 255 253 252 254 254 255 255 255
  87  89  87  88 117 253 255 255 255 255 255 255 255 255 255 255
  81  84  84  87 120 254 255 255 255 255 255 255 255 255 255 255
  81  85  86  87 132 253 255 255 255 255 255 255 255 255 255 255
 255 255 255 254 253  84  88  87  86  86  77 208 255 255 255 255
 255 255 255 255 250  86  89  89  89  86  77 205 254 255 255 255
 255 255 255 255 242  91  93  92  92  88  76 210 255 255 255 255
 255 255 255 255 247  90  94  92  92  90  77 211 255 255 255 255
 255 255 255 255 254  97  95  91  89  91  79 212 255 255 255 255
 255 255 255 255 254 115  95  89  87  91  82 222 254 255 255 255
 255 255 255 255 255 102  94  91  91  92  87 221 254 255 255 255
 255 255 255 255 255  94  91  90  90  93  85 206 255 255 255 255
 255 255 255 255 253  90  93  90  90  93  83 200 255 255 255 255
 255 255 255 255 246  87  94  93  93  95  80 211 254 255 255 255
 255 255 255 254 246  74  56  42  55  69  41 214 255 255 255 255
  75  94 104  86 107 250 244 243 254 250 240 250 254 255 255 255
  84  85  89  89 106 255 255 255 255 255 255 255 255 255 255 255
  89  87  87  90 113 255 255 255 255 255 255 255 255 255 255 255
  87  86  86  88 116 255 255 255 255 255 255 255 255 255 255 255
  86  86  87  89 127 253 255 255 255 255 255 255 255 255 255 255
 255 255 255 255 249  65  83  82  81  81  80 194 255 255 255 255
 255 255 255 254 245  70  84  84  84  81  79 186 254 255 255 255
 255 255 255 253 238  79  88  87  87  84  78 190 255 255 255 255
 255 255 255 253 242  82  87  86  87  85  74 198 254 255 255 255
 255 255 255 255 254  92  85  85  84  86  75 206 254 255 255 255
 255 255 255 255 253 107  85  83  82  86  80 220 254 255 255 255
 255 255 255 255 253  95  85  86  86  87  84 220 255 255 255 255
 255 255 255 255 254  90  86  85  85  88  81 205 255 255 255 255
 255 255 255 255 253  87  88  86  86  88  79 199 255 255 255 255
 255 255 255 255 245  84  89  88  87  83  75 210 254 255 255 255
 253 252 253 253 242  76  51  33  43  47  38 213 254 255 255 255
  71  86 100  82  96 251 243 240 251 249 241 249 254 255 255 255
  81  86  86  84  92 252 255 255 255 255 253 255 255 255 255 255
  85  86  85  85  96 252 255 255 255 255 255 255 255 255 255 255
  81  81  81  83 100 252 255 255 255 255 255 255 255 255 255 255
  80  81  82  84 116 254 255 255 255 255 255 255 255 255 255 255

 255 255 255 255 255 255 255 255 255 255 255 255 255 255 255 255
 255 255 255 255 255 255 255 255 255 255 255 255 255 255 255 255
 255 255 255 255 255 255 255 255 255 255 255 255 255 255 255 255
 254 253 253 254 253 252 253 254 254 254 254 254 254 255 255 255
 214 215 218 222 223 228 219 203 196 207 211 248 254 255 255 255
  76  76  75  70  74  79  85  82  80  78  44 240 252 255 255 255
  84  85  87  88  89  89  90  91  91  92  68 250 253 255 255 255
  85  87  91  90  87  86  89  88  89  93  60 255 255 255 255 255
  86  87  91  90  89  87  89  88  89  91  43 244 255 255 255 255
  87  87  91  91  91  91  91  89  92  93  54 244 255 255 255 255
  94  96 102 100 103 111  94  81  79  80  67 247 253 253 254 253
 252 246 238 243 253 250 247 245 248 242 243 112 112 117 120 132
 253 255 255 255 255 255 255 255 255 255 254  85  87  88  87  87
 253 255 255 255 255 255 255 255 255 255 254 104  90  87  84  86
 255 255 255 255 255 255 255 255 255 255 255  95  90  89  84  85
 255 255 255 255 255 255 255 254 254 254 254  75  84  87  81  81
 255 255 255 255 255 255 255 255 255 255 255 255 255 255 255 255
 255 255 255 255 255 255 255 255 255 255 255 255 255 255 255 255
 255 255 255 255 255 255 255 255 255 255 255 255 255 255 255 255
 255 254 255 255 255 254 254 255 255 254 255 254 255 255 255 255
 208 205 210 211 212 222 221 206 200 211 214 250 255 255 255 255
  77  77  76  77  79  82  87  85  83  80  41 240 255 255 255 255
  86  86  88  90  91  91  92  93  93  95  69 250 255 255 255 255
  86  89  92  92  89  87  91  90  90  93  55 254 255 255 255 255
  87  89  92  92  91  89  91  90  90  93  42 243 255 255 255 255
  88  89  93  94  95  95  94  91  93  94  56 244 255 255 255 255
  84  86  91  90  97 115 102  94  90  87  74 250 255 255 255 253
 253 250 242 247 254 254 255 255 253 246 246 107 106 113 116 127
 254 255 255 255 255 255 255 255 255 255 254  86  89  90  88  89
 255 255 255 255 255 255 255 255 255 255 255 104  89  87  86  87
 255 255 255 255 255 255 255 255 255 255 255  94  85  87  86  86
 255 255 255 255 255 255 255 255 255 255 255  75  84  89  87  86
 255 255 255 255 255 255 255 255 255 255 255 255 255 255 255 255
 255 255 255 255 255 255 255 255 255 255 255 255 255 255 255 255
 255 255 255 255 255 255 255 255 255 255 255 255 255 255 255 255
 255 254 255 254 254 254 255 255 255 254 254 254 255 255 255 255
 194 186 190 198 206 220 220 205 199 210 213 249 255 255 255 255
  80  79  78  74  75  80  84  81  79  75  38 241 253 255 255 255
  81  81  84  85  86  86  87  88  88  83  47 249 255 255 255 255
  81  84  87  87  84  82  86  85  86  87  43 251 255 255 255 255
  82  84  87  86  85  83  86  85  86  88  33 240 255 255 255 255
  83  84  88  87  85  85  85  86  88  89  51 243 255 255 255 255
  65  70  79  82  92 107  95  90  87  84  76 251 252 252 252 254
 249 245 238 242 254 253 253 254 253 245 242  96  92  96 100 116
 255 254 253 253 255 255 255 255 255 255 253  82  84  85  83  84
 255 255 255 255 255 255 255 255 255 255 253 100  86  85  81  82
 255 255 255 255 255 255 255 255 255 255 252  86  86  86  81  81
 255 255 255 255 255 255 255 255 255 255 253  71  81  85  81  80

 255 255 255 255 255 255 255 255 255 255 253 132  87  86  85  81
 255 255 255 255 255 255 255 255 255 255 254 120  87  84  84  81
 255 255 255 255 255 255 255 255 255 255 253 117  88  87  89  87
 255 255 255 254 254 252 253 255 255 255 253 112  87  90  90  84
 255 255 255 254 248 240 250 255 244 244 247 112  85 104  95  75
 255 255 255 254 211  44  68  60  43  54  67 243 254 254 255 254
 255 255 255 254 207  78  92  93  91  93  80 242 255 255 255 254
 255 255 255 254 196  80  91  89  89  92  79 248 255 255 255 254
 255 255 255 254 203  82  91  88  88  89  81 245 255 255 255 254
 255 255 255 253 219  85  90  89  89  91  94 247 255 255 255 255
 255 255 255 252 228  79  89  86  87  91 111 250 255 255 255 255
 255 255 255 253 223  74  89  87  89  91 103 253 255 255 255 255
 255 255 255 254 222  70  88  90  90  91 100 243 255 255 255 255
 255 255 255 253 218  75  87  91  91  91 102 238 255 255 255 255
 255 255 255 253 215  76  85  87  87  87  96 246 255 255 255 255
 255 255 255 254 214  76  84  85  86  87  94 252 253 253 255 255
 255 255 255 255 255 255 255 255 255 255 253 127  89  87  86  86
 255 255 255 255 255 255 255 255 255 255 255 116  88  86  86  87
 255 255 255 255 255 255 255 255 255 255 255 113  90  87  87  89
 255 255 255 255 255 255 255 255 255 255 255 106  89  89  85  84
 255 255 255 254 250 240 250 254 243 244 250 107  86 104  94  75
 255 255 255 255 214  41  69  55  42  56  74 246 254 255 255 255
 255 255 255 254 211  80  95  93  93  94  87 246 255 255 255 255
 255 255 255 255 200  83  93  90  90  93  90 253 255 255 255 255
 255 255 255 255 206  85  93  90  90  91  94 255 255 255 255 255
 255 255 255 254 221  87  92  91  91  94 102 255 255 255 255 255
 255 255 255 254 222  82  91  87  89  95 115 254 255 255 255 255
 255 255 255 255 212  79  91  89  91  95  97 254 255 255 255 255
 255 255 255 255 211  77  90  92  92  94  90 247 255 255 255 255
 255 255 255 255 210  76  88  92  92  93  91 242 255 255 255 255
 255 255 255 254 205  77  86  89  89  89  86 250 255 255 255 255
 255 255 255 255 208  77  86  86  87  88  84 253 254 255 255 255
 255 255 255 255 255 255 255 255 255 255 254 116  84  82  81  80
 255 255 255 255 255 255 255 255 255 255 252 100  83  81  81  81
 255 255 255 255 255 255 255 255 255 255 252  96  85  85  86  85
 255 255 255 255 255 253 255 255 255 255 252  92  84  86  86  81
 255 255 255 254 249 241 249 251 240 243 251  96  82 100  86  71
 255 255 255 254 213  38  47  43  33  51  76 242 253 253 252 253
 255 255 255 254 210  75  83  87  88  89  84 245 255 255 255 255
 255 255 255 255 199  79  88  86  86  88  87 253 255 255 255 255
 255 255 255 255 205  81  88  85  85  86  90 254 255 255 255 255
 255 255 255 255 220  84  87  86  86  85  95 253 255 255 255 255
 255 255 255 254 220  80  86  82  83  85 107 253 255 255 255 255
 255 255 255 254 206  75  86  84  85  85  92 254 255 255 255 255
 255 255 255 254 198  74  85  87  86  87  82 242 253 255 255 255
 255 255 255 255 190  78  84  87  87  88  79 238 253 255 255 255
 255 255 255 254 186  79  81  84  84  84  70 245 254 255 255 255
 255 255 255 255 194  80  81  81  82  83  65 249 255 255 255 255

