  29  36  35  38  44  40  34  38  43  46  36  35  37  40  38  37
  23  32  31  30  28  29  31  33  34  35  34  33  35  35  35  34
  24  32  32  30  25  28  31  40  40  45  38  36  44  36  31  30
  19  26  29  27  23  25 148 202 199 205 204 206 186  32  31  26
  20  30  29  23  25  28 141 195 199 206 205 206 189  24  28  23
  25  31  24  20  20  29 151 196 199 204 207 205 187  24  29  27
  17  31  28  28  22  27 143 195 196 197 200 202 178  29  33  26
  20  29  28  28  25  27 142 194 200 200 195 196 181  29  31  22
  24  28  29  28  27  31 147 194 197 194 193 193 180  26  32  24
  21  29  24 117 123 105 155 194 193 192 192 192 171  30  35  27
  21  27  26 184 193 193 193 191 192 193 192 191 177  25  33  22
  25  32  26 185 191 192 193 195 194 195 194 194 174  24  32  26
  18  27  26 169 179 185 174 179 170 175 171 174 164  22  27  21
  22  28  26  33  36  31  28  33  39  33  33  27  28  26  23  22
  22  28  27  28  27  23  22  27  31  28  26  26  24  23  29  24
  13  21  23  25  27  29  29  27  35  34  29  23  23  28  31  25
  20  27  26  22  24  24  25  27  25  25  24  30  27  25  27  28
  16  23  23  21  21  23  25  25  26  26  27  26  26  27  27  24
  16  22  22  21  22  22  23  25  23  29  29  25  29  25  25  22
  17  21  20  22  22  21 138 180 181 187 182 194 178  17  24  19
  15  21  20  20  20  19 131 171 173 180 180 183 172  20  25  19
  17  21  21  21  21  21 136 169 174 179 182 182 168  18  23  19
  15  23  21  20  21  24 137 171 173 171 174 176 163  18  25  18
  15  22  19  20  20  23 133 172 173 171 172 173 168  18  25  17
  13  23  20  21  22  25 136 172 172 169 173 171 165  17  24  20
  16  22  16 110 103  95 144 171 171 168 170 171 156  20  24  20
  17  23  18 170 167 171 172 170 171 171 171 172 161  19  26  15
  14  22  18 171 168 170 170 168 167 167 169 170 159  18  24  19
  15  21  16 163 161 164 158 167 157 164 156 160 154  19  22  17
  14  20  20  21  22  22  24  25  26  23  26  22  23  21  22  18
  14  21  20  20  20  21  22  22  23  21  22  22  22  22  21  16
  12  18  21  19  22  22  24  24  25  24  22  21  18  24  22  16
  13  23  20  15  13  14  18  22  18  17  17  22  20  20  18  16
  13  19  19  18  17  18  22  21  19  20  21  20  22  19  19  17
   9  15  15  16  15  16  17  14  17  23  20  17  18  18  19  19
  14  17  17  16  16  17 125 157 159 167 159 174 159  15  21  14
  13  17  17  16  17  16 123 148 148 155 153 155 153  17  21  15
   9  18  17  17  16  18 124 147 149 152 153 151 149  15  20  15
  13  16  14  17  17  20 126 148 147 146 149 149 143  13  20  15
  14  17  16  17  17  18 122 151 148 146 146 147 145  15  20  14
   9  17  16  16  16  18 125 150 146 143 146 145 140  15  21  16
  11  17  13 101  86  85 132 150 149 146 148 148 138  17  20  14
  11  16  12 154 145 145 146 145 148 150 150 150 141  15  18  12
  11  16  11 156 147 148 149 147 146 146 148 148 138  14  18  14
  11  17  12 150 142 145 141 149 138 148 137 142 139  12  18  13
  11  17  17  17  13  13  20  21  18  17  22  17  18  16  17  15
  11  17  16  17  17  17  18  18  20  18  18  18  18  17  18  14
   9  16  16  15  18  16  18  20  18  17  16  19  16  20  15  11

  37  34  30  26  23  27  26  22  24  27  22  26  21  22  24  25
  38  35  31  31  28  29  33  31  32  35  33  32  27  23  29  31
  40  35  36  32  24  24  29  29  26  30  25  24  22  26  23  28
  37  35  44 186 189 187 178 181 180 171 177 174 164  28  24  23
  35  33  36 206 206 205 202 196 193 192 191 194 174  27  26  23
  36  34  38 204 205 207 200 195 193 192 192 194 171  33  26  29
  46  35  45 205 206 204 197 200 194 192 193 195 175  33  28  34
  43  34  40 199 199 199 196 200 197 193 192 194 170  39  31  35
  38  33  40 202 195 196 195 194 194 194 191 195 179  33  27  27
  34  31  31 148 141 151 143 142 147 155 193 193 174  28  22  29
  40  29  28  25  28  29  27  27  31 105 193 192 185  31  23  29
  44  28  25  23  25  20  22  25  27 123 193 191 179  36  27  27
  38  30  30  27  23  20  28  28  28 117 184 185 169  33  28  25
  35  31  32  29  29  24  28  28  29  24  26  26  26  26  27  23
  36  32  32  26  30  31  31  29  28  29  27  32  27  28  28  21
  29  23  24  19  20  25  17  20  24  21  21  25  18  22  22  13
  28  24  22  19  19  19  18  17  20  20  15  19  17  18  16  16
  27  27  25  24  25  23  25  25  24  24  26  24  22  22  21  22
  25  27  25  17  20  18  18  18  17  20  19  18  19  21  22  24
  27  26  29 178 172 168 163 168 165 156 161 159 154  23  22  18
  30  26  25 194 183 182 176 173 171 171 172 170 160  22  22  21
  24  27  29 182 180 182 174 172 173 170 171 169 156  26  22  22
  25  26  29 187 180 179 171 171 169 168 171 167 164  23  21  24
  25  26  23 181 173 174 173 173 172 171 171 167 157  26  23  25
  27  25  25 180 171 169 171 172 172 171 170 168 167  25  22  24
  25  25  23 138 131 136 137 133 136 144 172 170 158  24  22  24
  24  23  22  21  19  21  24  23  25  95 171 170 164  22  21  22
  24  21  22  22  20  21  21  20  22 103 167 168 161  22  20  22
  22  21  21  22  20  21  20  20  21 110 170 171 163  21  20  19
  26  23  22  20  20  21  21  19  20  16  18  18  16  20  20  21
  27  23  22  21  21  21  23  22  23  22  23  22  21  20  21  18
  20  16  16  17  15  17  15  15  13  16  17  14  15  14  14  12
  16  17  19  14  15  15  15  14  16  14  12  14  13  15  14  11
  18  19  19  21  21  20  20  20  21  20  18  18  18  17  18  15
  20  19  18  15  17  15  13  15  15  17  15  14  12  16  17  20
  20  22  18 159 153 149 143 145 140 138 141 138 139  18  18  16
  22  20  17 174 155 151 149 147 145 148 150 148 142  17  18  19
  17  21  20 159 153 153 149 146 146 148 150 148 137  22  18  16
  17  20  23 167 155 152 146 146 143 146 150 146 148  17  18  17
  18  19  17 159 148 149 147 148 146 149 148 146 138  18  20  18
  22  21  14 157 148 147 148 151 150 150 145 147 149  21  18  20
  18  22  17 125 123 124 126 122 125 132 146 149 141  20  18  18
  14  18  16  17  16  18  20  18  18  85 145 148 145  13  17  16
  13  17  15  16  17  16  17  17  16  86 145 147 142  13  17  18
  15  18  16  16  16  17  17  17  16 101 154 156 150  17  17  15
  20  19  15  17  17  17  14  16  16  13  12  11  12  17  16  16
  23  19  15  17  17  18  16  17  17  17  16  16  17  17  17  16
  13  13   9  14  13   9  13  14   9  11  11  11  11  11  11   9

  25  31  28  23  23  29  34  35  27  29  29  27  25  23  21  13
  24  29  23  24  26  26  28  31  27  22  23  27  28  27  28  22
  22  23  26  28  27  33  33  39  33  28  31  36  33  26  28  22
  21  27  22 164 174 171 175 170 179 174 185 179 169  26  27  18
  26  32  24 174 194 194 195 194 195 193 192 191 185  26  32  25
  22  33  25 177 191 192 193 192 191 193 193 193 184  26  27  21
  27  35  30 171 192 192 192 193 194 155 105 123 117  24  29  21
  24  32  26 180 193 193 194 197 194 147  31  27  28  29  28  24
  22  31  29 181 196 195 200 200 194 142  27  25  28  28  29  20
  26  33  29 178 202 200 197 196 195 143  27  22  28  28  31  17
  27  29  24 187 205 207 204 199 196 151  29  20  20  24  31  25
  23  28  24 189 206 205 206 199 195 141  28  25  23  29  30  20
  26  31  32 186 206 204 205 199 202 148  25  23  27  29  26  19
  30  31  36  44  36  38  45  40  40  31  28  25  30  32  32  24
  34  35  35  35  33  34  35  34  33  31  29  28  30  31  32  23
  37  38  40  37  35  36  46  43  38  34  40  44  38  35  36  29
  16  22  24  18  21  22  24  25  24  24  22  22  19  21  18  12
  16  21  22  22  22  22  21  23  22  22  21  20  20  20  21  14
  18  22  21  23  22  26  23  26  25  24  22  22  21  20  20  14
  17  22  19 154 160 156 164 157 167 158 164 161 163  16  21  15
  19  24  18 159 170 169 167 167 168 170 170 168 171  18  22  14
  15  26  19 161 172 171 171 171 170 172 171 167 170  18  23  17
  20  24  20 156 171 170 168 171 171 144  95 103 110  16  22  16
  20  24  17 165 171 173 169 172 172 136  25  22  21  20  23  13
  17  25  18 168 173 172 171 173 172 133  23  20  20  19  22  15
  18  25  18 163 176 174 171 173 171 137  24  21  20  21  23  15
  19  23  18 168 182 182 179 174 169 136  21  21  21  21  21  17
  19  25  20 172 183 180 180 173 171 131  19  20  20  20  21  15
  19  24  17 178 194 182 187 181 180 138  21  22  22  20  21  17
  22  25  25  29  25  29  29  23  25  23  22  22  21  22  22  16
  24  27  27  26  26  27  26  26  25  25  23  21  21  23  23  16
  28  27  25  27  30  24  25  25  27  25  24  24  22  26  27  20
  11  15  20  16  19  16  17  18  20  18  16  18  15  16  16   9
  14  18  17  18  18  18  18  20  18  18  17  17  17  16  17  11
  15  17  16  18  17  22  17  18  21  20  13  13  17  17  17  11
  13  18  12 139 142 137 148 138 149 141 145 142 150  12  17  11
  14  18  14 138 148 148 146 146 147 149 148 147 156  11  16  11
  12  18  15 141 150 150 150 148 145 146 145 145 154  12  16  11
  14  20  17 138 148 148 146 149 150 132  85  86 101  13  17  11
  16  21  15 140 145 146 143 146 150 125  18  16  16  16  17   9
  14  20  15 145 147 146 146 148 151 122  18  17  17  16  17  14
  15  20  13 143 149 149 146 147 148 126  20  17  17  14  16  13
  15  20  15 149 151 153 152 149 147 124  18  16  17  17  18   9
  15  21  17 153 155 153 155 148 148 123  16  17  16  17  17  13
  14  21  15 159 174 159 167 159 157 125  17  16  16  17  17  14
  19  19  18  18  17  20  23  17  14  17  16  15  16  15  15   9
  17  19  19  22  20  21  20  19  21  22  18  17  18  19  19  13
  16  18  20  20  22  17  17  18  22  18  14  13  15  20  23  13

  13  22  22  18  25  21  21  24  20  17  25  20  19  24  23  29
  21  28  28  27  32  27  29  28  29  31  31  30  26  32  32  36
  23  27  26  26  26  26  24  29  28  28  24  29  29  32  31  35
  25  28  33 169 185 184 117  28  28  28  20  23  27  30  30  38
  27  27  36 179 191 193 123  27  25  22  20  25  23  25  28  44
  29  23  31 185 192 193 105  31  27  27  29  28  25  28  29  40
  29  22  28 174 193 193 155 147 142 143 151 141 148  31  31  34
  27  27  33 179 195 191 194 194 194 195 196 195 202  40  33  38
  35  31  39 170 194 192 193 197 200 196 199 199 199  40  34  43
  34  28  33 175 195 193 192 194 200 197 204 206 205  45  35  46
  29  26  33 171 194 192 192 193 195 200 207 205 204  38  34  36
  23  26  27 174 194 191 192 193 196 202 205 206 206  36  33  35
  23  24  28 164 174 177 171 180 181 178 187 189 186  44  35  37
  28  23  26  22  24  25  30  26  29  29  24  24  32  36  35  40
  31  29  23  27  32  33  35  32  31  33  29  28  31  31  35  38
  25  24  22  21  26  22  27  24  22  26  27  23  26  30  34  37
  12  14  14  15  14  17  16  13  15  15  17  15  17  16  16  20
  18  21  20  21  22  23  22  23  22  23  21  21  21  22  23  27
  21  20  20  16  18  18  16  20  19  21  21  20  20  22  23  26
  19  20  21 163 171 170 110  21  20  20  21  20  22  21  21  22
  22  20  22 161 168 167 103  22  20  21  21  20  22  22  21  24
  22  21  22 164 170 171  95  25  23  24  21  19  21  22  23  24
  24  22  24 158 170 172 144 136 133 137 136 131 138  23  25  25
  24  22  25 167 168 170 171 172 172 171 169 171 180  25  25  27
  25  23  26 157 167 171 171 172 173 173 174 173 181  23  26  25
  24  21  23 164 167 171 168 169 171 171 179 180 187  29  26  25
  22  22  26 156 169 171 170 173 172 174 182 180 182  29  27  24
  21  22  22 160 170 172 171 171 173 176 182 183 194  25  26  30
  18  22  23 154 159 161 156 165 168 163 168 172 178  29  26  27
  24  22  21  19  18  19  20  17  18  18  18  20  17  25  27  25
  22  21  22  22  24  26  24  24  25  25  23  25  24  25  27  27
  16  16  18  17  19  15  20  20  17  18  19  19  19  22  24  28
   9  11  11  11  11  11  11   9  14  13   9  13  14   9  13  13
  16  17  17  17  16  16  17  17  17  16  18  17  17  15  19  23
  16  16  17  12  11  12  13  16  16  14  17  17  17  15  19  20
  15  17  17 150 156 154 101  16  17  17  17  16  16  16  18  15
  18  17  13 142 147 145  86  16  17  17  16  17  16  15  17  13
  16  17  13 145 148 145  85  18  18  20  18  16  17  16  18  14
  18  18  20 141 149 146 132 125 122 126 124 123 125  17  22  18
  20  18  21 149 147 145 150 150 151 148 147 148 157  14  21  22
  18  20  18 138 146 148 149 146 148 147 149 148 159  17  19  18
  17  18  17 148 146 150 146 143 146 146 152 155 167  23  20  17
  16  18  22 137 148 150 148 146 146 149 153 153 159  20  21  17
  19  18  17 142 148 150 148 145 147 149 151 155 174  17  20  22
  16  18  18 139 138 141 138 140 145 143 149 153 159  18  22  20
  20  17  16  12  14  15  17  15  15  13  15  17  15  18  19  20
  15  18  17  18  18  18  20  21  20  20  20  21  21  19  19  18
  11  14  15  13  14  12  14  16  14  15  15  15  14  19  17  16

