  36  50  51  54  52  50  51  51  52  52  56  46  48  50  54  34
  27  39  38  47  46  43  36  44  52  48  44  44  48  43  42  33
  23  32  38  47  39  43  39  41  47  46  58  60  54  45  45  33
  21  33  35  42  38  42  42  41  50  91 225 238 229  40  53  37
  21  33  35  32  38  47  40  36  43  97 227 237 229  39  42  33
  23  31  37  38  38  46  40  41  45  98 224 232 217  35  40  28
  19  28  29 137 177 177 174 178 169 154  93  96  92  38  41  32
  19  32  29 166 203 210 213 215 218 168  40  47  43  38  43  30
  22  31  28 168 204 209 213 214 216 172  36  43  38  38  43  35
  23  31  26 161 202 208 210 213 214 188 142 149 133  41  44  33
  26  25  24 155 202 206 210 214 215 217 222 230 230  42  47  39
  26  30  29 164 202 209 211 216 218 222 224 226 229  32  38  35
  20  29  23 148 188 181 193 196 204 201 198 203 180  27  38  35
  25  32  30  34  39  34  35  44  43  45  40  36  41  38  38  31
  20  30  29  28  29  29  32  34  36  39  36  31  36  39  41  33
  29  27  27  31  33  33  36  33  31  41  47  41  47  44  47  41
  22  36  31  33  34  35  35  36  37  37  40  37  36  37  38  26
  19  32  31  32  31  34  34  35  38  36  36  34  35  34  35  28
  19  29  30  33  29  31  30  33  34  33  45  45  41  33  33  23
  16  30  31  32  30  32  30  32  36  80 209 213 211  25  34  24
  19  28  30  31  29  31  30  31  36  85 202 210 208  23  33  23
  17  29  29  29  28  33  31  30  34  90 202 207 197  23  32  23
  18  27  24 126 153 154 154 162 154 139  84  89  79  27  30  24
  15  25  21 151 181 187 188 189 193 154  28  33  32  30  32  23
  17  26  23 153 180 184 187 188 190 156  30  33  32  28  32  23
  17  28  22 147 177 182 184 187 188 169 124 125 115  28  32  22
  19  27  21 146 177 181 184 188 189 195 200 204 207  23  33  23
  20  26  24 149 178 183 187 190 193 197 200 200 207  22  32  21
  16  27  23 135 171 162 180 175 185 182 182 188 163  20  31  24
  18  26  25  26  28  29  27  31  32  34  32  30  32  31  31  22
  14  25  26  24  25  26  26  27  29  30  30  30  30  30  31  23
  16  22  21  26  24  30  29  28  30  30  32  33  35  28  31  25
  18  31  27  26  21  21  25  28  30  31  29  25  27  33  32  20
  12  23  23  25  24  26  25  29  26  25  31  30  28  26  27  20
  15  23  24  24  22  22  25  26  27  29  38  37  33  25  26  18
  12  26  27  27  22  26  23  25  27  75 191 188 187  19  28  19
  14  23  25  25  21  25  24  23  27  77 177 183 182  19  25  18
  10  20  21  21  20  27  26  23  30  81 178 179 176  18  24  18
  12  21  19 117 138 139 141 144 137 132  73  78  70  20  23  17
  14  22  16 138 155 162 163 164 167 134  22  28  29  27  26  17
  15  23  18 137 154 159 162 163 165 140  22  25  32  26  26  17
  14  24  18 139 151 157 159 162 163 147 115 119 106  23  25  16
  12  22  15 136 152 155 159 163 164 167 172 179 184  15  25  17
  15  22  19 132 154 158 163 165 167 169 170 175 184  15  26  16
  13  23  20 123 154 137 161 153 161 159 162 167 145  14  24  18
  16  22  24  22  23  26  24  22  18  26  24  25  29  23  23  15
  12  22  22  20  21  22  22  22  21  22  22  25  27  22  24  17
  10  18  17  21  19  23  23  21  25  25  25  25  28  24  26  20

  34  33  33  37  33  28  32  30  35  33  39  35  35  31  33  41
  54  42  45  53  42  40  41  43  43  44  47  38  38  38  41  47
  50  43  45  40  39  35  38  38  38  41  42  32  27  38  39  44
  48  48  54 229 229 217  92  43  38 133 230 229 180  41  36  47
  46  44  60 238 237 232  96  47  43 149 230 226 203  36  31  41
  56  44  58 225 227 224  93  40  36 142 222 224 198  40  36  47
  52  48  46  91  97  98 154 168 172 188 217 222 201  45  39  41
  52  52  47  50  43  45 169 218 216 214 215 218 204  43  36  31
  51  44  41  41  36  41 178 215 214 213 214 216 196  44  34  33
  51  36  39  42  40  40 174 213 213 210 210 211 193  35  32  36
  50  43  43  42  47  46 177 210 209 208 206 209 181  34  29  33
  52  46  39  38  38  38 177 203 204 202 202 202 188  39  29  33
  54  47  47  42  32  38 137 166 168 161 155 164 148  34  28  31
  51  38  38  35  35  37  29  29  28  26  24  29  23  30  29  27
  50  39  32  33  33  31  28  32  31  31  25  30  29  32  30  27
  36  27  23  21  21  23  19  19  22  23  26  26  20  25  20  29
  26  28  23  24  23  23  24  23  23  22  23  21  24  22  23  25
  38  35  33  34  33  32  30  32  32  32  33  32  31  31  31  31
  37  34  33  25  23  23  27  30  28  28  23  22  20  31  30  28
  36  35  41 211 208 197  79  32  32 115 207 207 163  32  30  35
  37  34  45 213 210 207  89  33  33 125 204 200 188  30  30  33
  40  36  45 209 202 202  84  28  30 124 200 200 182  32  30  32
  37  36  33  80  85  90 139 154 156 169 195 197 182  34  30  30
  37  38  34  36  36  34 154 193 190 188 189 193 185  32  29  30
  36  35  33  32  31  30 162 189 188 187 188 190 175  31  27  28
  35  34  30  30  30  31 154 188 187 184 184 187 180  27  26  29
  35  34  31  32  31  33 154 187 184 182 181 183 162  29  26  30
  34  31  29  30  29  28 153 181 180 177 177 178 171  28  25  24
  33  32  33  32  31  29 126 151 153 147 146 149 135  26  24  26
  31  31  30  31  30  29  24  21  23  22  21  24  23  25  26  21
  36  32  29  30  28  29  27  25  26  28  27  26  27  26  25  22
  22  19  19  16  19  17  18  15  17  17  19  20  16  18  14  16
  20  20  18  19  18  18  17  17  17  16  17  16  18  15  17  20
  32  27  26  28  25  24  23  26  26  25  25  26  24  23  24  26
  33  26  25  19  19  18  20  27  26  23  15  15  14  23  22  24
  27  28  33 187 182 176  70  29  32 106 184 184 145  29  27  28
  25  30  37 188 183 179  78  28  25 119 179 175 167  25  25  25
  29  31  38 191 177 178  73  22  22 115 172 170 162  24  22  25
  31  25  29  75  77  81 132 134 140 147 167 169 159  26  22  25
  30  26  27  27  27  30 137 167 165 163 164 167 161  18  21  25
  28  29  26  25  23  23 144 164 163 162 163 165 153  22  22  21
  25  25  25  23  24  26 141 163 162 159 159 163 161  24  22  23
  21  26  22  26  25  27 139 162 159 157 155 158 137  26  22  23
  21  24  22  22  21  20 138 155 154 151 152 154 154  23  21  19
  26  25  24  27  25  21 117 138 137 139 136 132 123  22  20  21
  27  23  24  27  25  21  19  16  18  18  15  19  20  24  22  17
  31  23  23  26  23  20  21  22  23  24  22  22  23  22  22  18
  18  12  15  12  14  10  12  14  15  14  12  15  13  16  12  10

  41  47  44  47  41  47  41  31  33  36  33  33  31  27  27  29
  33  41  39  36  31  36  39  36  34  32  29  29  28  29  30  20
  31  38  38  41  36  40  45  43  44  35  34  39  34  30  32  25
  35  38  27 180 203 198 201 204 196 193 181 188 148  23  29  20
  35  38  32 229 226 224 222 218 216 211 209 202 164  29  30  26
  39  47  42 230 230 222 217 215 214 210 206 202 155  24  25  26
  33  44  41 133 149 142 188 214 213 210 208 202 161  26  31  23
  35  43  38  38  43  36 172 216 214 213 209 204 168  28  31  22
  30  43  38  43  47  40 168 218 215 213 210 203 166  29  32  19
  32  41  38  92  96  93 154 169 178 174 177 177 137  29  28  19
  28  40  35 217 232 224  98  45  41  40  46  38  38  37  31  23
  33  42  39 229 237 227  97  43  36  40  47  38  32  35  33  21
  37  53  40 229 238 225  91  50  41  42  42  38  42  35  33  21
  33  45  45  54  60  58  46  47  41  39  43  39  47  38  32  23
  33  42  43  48  44  44  48  52  44  36  43  46  47  38  39  27
  34  54  50  48  46  56  52  52  51  51  50  52  54  51  50  36
  25  31  28  35  33  32  30  30  28  29  30  24  26  21  22  16
  23  31  30  30  30  30  30  29  27  26  26  25  24  26  25  14
  22  31  31  32  30  32  34  32  31  27  29  28  26  25  26  18
  24  31  20 163 188 182 182 185 175 180 162 171 135  23  27  16
  21  32  22 207 200 200 197 193 190 187 183 178 149  24  26  20
  23  33  23 207 204 200 195 189 188 184 181 177 146  21  27  19
  22  32  28 115 125 124 169 188 187 184 182 177 147  22  28  17
  23  32  28  32  33  30 156 190 188 187 184 180 153  23  26  17
  23  32  30  32  33  28 154 193 189 188 187 181 151  21  25  15
  24  30  27  79  89  84 139 154 162 154 154 153 126  24  27  18
  23  32  23 197 207 202  90  34  30  31  33  28  29  29  29  17
  23  33  23 208 210 202  85  36  31  30  31  29  31  30  28  19
  24  34  25 211 213 209  80  36  32  30  32  30  32  31  30  16
  23  33  33  41  45  45  33  34  33  30  31  29  33  30  29  19
  28  35  34  35  34  36  36  38  35  34  34  31  32  31  32  19
  26  38  37  36  37  40  37  37  36  35  35  34  33  31  36  22
  20  26  24  28  25  25  25  25  21  23  23  19  21  17  18  10
  17  24  22  27  25  22  22  21  22  22  22  21  20  22  22  12
  15  23  23  29  25  24  26  18  22  24  26  23  22  24  22  16
  18  24  14 145 167 162 159 161 153 161 137 154 123  20  23  13
  16  26  15 184 175 170 169 167 165 163 158 154 132  19  22  15
  17  25  15 184 179 172 167 164 163 159 155 152 136  15  22  12
  16  25  23 106 119 115 147 163 162 159 157 151 139  18  24  14
  17  26  26  32  25  22 140 165 163 162 159 154 137  18  23  15
  17  26  27  29  28  22 134 167 164 163 162 155 138  16  22  14
  17  23  20  70  78  73 132 137 144 141 139 138 117  19  21  12
  18  24  18 176 179 178  81  30  23  26  27  20  21  21  20  10
  18  25  19 182 183 177  77  27  23  24  25  21  25  25  23  14
  19  28  19 187 188 191  75  27  25  23  26  22  27  27  26  12
  18  26  25  33  37  38  29  27  26  25  22  22  24  24  23  15
  20  27  26  28  30  31  25  26  29  25  26  24  25  23  23  12
  20  32  33  27  25  29  31  30  28  25  21  21  26  27  31  18

  29  20  25  20  26  26  23  22  19  19  23  21  21  23  27  36
  27  30  32  29  30  25  31  31  32  28  31  33  33  32  39  50
  27  29  30  23  29  24  26  28  29  29  37  35  35  38  38  51
  31  28  34 148 164 155 161 168 166 137  38  32  42  47  47  54
  33  29  39 188 202 202 202 204 203 177  38  38  38  39  46  52
  33  29  34 181 209 206 208 209 210 177  46  47  42  43  43  50
  36  32  35 193 211 210 210 213 213 174  40  40  42  39  36  51
  33  34  44 196 216 214 213 214 215 178  41  36  41  41  44  51
  31  36  43 204 218 215 214 216 218 169  45  43  50  47  52  52
  41  39  45 201 222 217 188 172 168 154  98  97  91  46  48  52
  47  36  40 198 224 222 142  36  40  93 224 227 225  58  44  56
  41  31  36 203 226 230 149  43  47  96 232 237 238  60  44  46
  47  36  41 180 229 230 133  38  43  92 217 229 229  54  48  48
  44  39  38  27  32  42  41  38  38  38  35  39  40  45  43  50
  47  41  38  38  38  47  44  43  43  41  40  42  53  45  42  54
  41  33  31  35  35  39  33  35  30  32  28  33  37  33  33  34
  16  14  18  16  20  19  17  17  15  18  17  19  16  19  19  22
  22  25  26  27  26  27  28  26  25  27  29  28  30  29  32  36
  21  26  25  23  24  21  22  23  21  24  29  30  31  30  31  31
  26  24  26 135 149 146 147 153 151 126  29  31  32  33  32  33
  24  25  28 171 178 177 177 180 181 153  28  29  30  29  31  34
  30  26  29 162 183 181 182 184 187 154  33  31  32  31  34  35
  29  26  27 180 187 184 184 187 188 154  31  30  30  30  34  35
  28  27  31 175 190 188 187 188 189 162  30  31  32  33  35  36
  30  29  32 185 193 189 188 190 193 154  34  36  36  34  38  37
  30  30  34 182 197 195 169 156 154 139  90  85  80  33  36  37
  32  30  32 182 200 200 124  30  28  84 202 202 209  45  36  40
  33  30  30 188 200 204 125  33  33  89 207 210 213  45  34  37
  35  30  32 163 207 207 115  32  32  79 197 208 211  41  35  36
  28  30  31  20  22  23  28  28  30  27  23  23  25  33  34  37
  31  31  31  31  32  33  32  32  32  30  32  33  34  33  35  38
  25  23  22  24  21  23  22  23  23  24  23  23  24  23  28  26
  10  12  16  13  15  12  14  15  14  12  10  14  12  15  12  18
  18  22  22  23  22  22  24  23  22  21  20  23  26  23  23  31
  17  22  24  20  19  15  18  18  16  19  21  25  27  24  23  27
  21  20  22 123 132 136 139 137 138 117  21  25  27  24  25  26
  19  21  23 154 154 152 151 154 155 138  20  21  22  22  24  21
  23  22  26 137 158 155 157 159 162 139  27  25  26  22  26  21
  23  22  24 161 163 159 159 162 163 141  26  24  23  25  25  25
  21  22  22 153 165 163 162 163 164 144  23  23  25  26  29  28
  25  21  18 161 167 164 163 165 167 137  30  27  27  27  26  30
  25  22  26 159 169 167 147 140 134 132  81  77  75  29  25  31
  25  22  24 162 170 172 115  22  22  73 178 177 191  38  31  29
  25  25  25 167 175 179 119  25  28  78 179 183 188  37  30  25
  28  27  29 145 184 184 106  32  29  70 176 182 187  33  28  27
  24  22  23  14  15  15  23  26  27  20  18  19  19  25  26  33
  26  24  23  24  26  25  25  26  26  23  24  25  28  26  27  32
  20  17  15  18  16  17  16  17  17  17  18  18  19  18  20  20

