  25  27  17  26  34  29  28  35  36  29  27  32  32  31  36  42
  20  21  21  22  21  22  24  22  20  27  26  22  22  23  26  31
  19  14  16  20  21  24  25  23  24  23  24  34  37  34  22  27
  13  18  21  18  25  22  23  21  23  18 190 189 192  83  25  23
  17  20  21  24  23  26  25  24  25  20 194 190 189  84  25  25
  18  13  13  18  20  22  22  23  24  18 194 192 187  78  22  21
  16  15  20  20  20  19  22  22  20  16 191 184 182  78  22  19
  15  14  16  18  20  20  22  22  22  19 180 179 176  77  26  15
  17  14  16  19  20  25  24  18  16  17 178 177 178  75  26  22
  20  16  12  74  86  95  93 106  94  95 184 181 181  76  27  16
  17  19  18 127 174 180 179 179 181 182 183 182 182  77  19  19
  15  18  16 130 172 179 178 178 178 176 178 179 180  73  20  20
  16  17  10 128 156 158 162 153 159 161 159 159 150  70  23  17
  18  13  13  19  17  23  27  24  21  31  26  26  25  24  22  17
  13  13  17  19  16  18  23  24  21  20  21  21  21  21  20  21
  15  21  21  15  18  26  25  21  15  19  21  23  20  18  23  21
  14  19  18  17  21  19  20  18  19  21  19  16  20  22  22  23
  13  17  19  18  18  19  19  18  19  19  20  19  19  20  20  17
  11  16  17  17  17  18  18  16  18  17  19  25  22  23  20  15
  11  16  17  17  18  18  18  18  18  14 178 171 170  71  21  18
  12  16  16  17  17  18  18  18  18  13 175 163 164  65  17  13
   9  15  16  17  16  17  18  18  17  14 176 161 161  66  17  13
  12  13  15  16  17  16  19  18  19  13 171 160 160  66  20  14
  11  14  15  16  17  16  17  19  19  15 166 157 158  66  21  12
  12  16  15  17  17  17  18  20  20  15 164 157 158  64  18  14
  12  15  16  71  82  87  81  88  84  86 163 157 158  66  19  12
  12  16  15 119 156 159 159 159 159 159 158 157 161  68  21  15
  11  17  16 119 154 158 156 156 158 158 158 157 158  63  20  16
  11  13  12 115 143 145 148 136 143 145 140 142 134  62  19  15
  11  14  15  15  16  15  17  20  18  16  18  18  18  19  19  14
  12  15  14  16  16  16  17  16  17  17  18  17  17  18  21  14
  12  14  17  16  19  19  18  19  18  16  16  14  16  18  19  12
   8  12  13  13  15  14  14  12  12  12  12  11  12  18  17  13
   7  14  15  14  14  15  15  14  15  15  14  14  15  16  15  12
   9  12  13  13  13  14  15  13  15  14  18  17  20  20  16  10
   9  11  14  13  15  14  15  14  14  11 162 150 149  61  17  10
  10  11  12  14  13  15  15  15  15  10 153 138 138  52  15  11
   7  11  12  13  12  13  14  15  14  10 156 137 136  57  16   9
   7  11  11  12  13  12  15  15  14  10 153 134 137  57  16   9
   8  10  11  12  13  13  13  15  15  12 151 131 133  57  17   9
   5  11  11  13  13  14  15  15  14  10 147 131 133  54  15  11
   6  14  11  63  71  75  68  80  77  77 142 134 135  58  16   9
   8  12  11 108 133 133 133 133 133 134 135 137 136  58  16   9
   8  13  12 109 132 132 131 131 133 134 135 136 135  55  16  12
   8  10  10 105 127 130 133 118 125 127 120 127 118  57  15  11
   6  10  10  11  13  14  12  15  15  11  13  14  15  16  15  11
   8  10  10  12  12  12  14  13  13  13  14  13  13  14  17  11
   8  10  13  10  13  15  15  16  13  11  11  11  14  18  16  10

  42  31  27  23  25  21  19  15  22  16  19  20  17  17  21  21
  36  26  22  25  25  22  22  26  26  27  19  20  23  22  20  23
  31  23  34  83  84  78  78  77  75  76  77  73  70  24  21  18
  32  22  37 192 189 187 182 176 178 181 182 180 150  25  21  20
  32  22  34 189 190 192 184 179 177 181 182 179 159  26  21  23
  27  26  24 190 194 194 191 180 178 184 183 178 159  26  21  21
  29  27  23  18  20  18  16  19  17  95 182 176 161  31  20  19
  36  20  24  23  25  24  20  22  16  94 181 178 159  21  21  15
  35  22  23  21  24  23  22  22  18 106 179 178 153  24  24  21
  28  24  25  23  25  22  22  22  24  93 179 178 162  27  23  25
  29  22  24  22  26  22  19  20  25  95 180 179 158  23  18  26
  34  21  21  25  23  20  20  20  20  86 174 172 156  17  16  18
  26  22  20  18  24  18  20  18  19  74 127 130 128  19  19  15
  17  21  16  21  21  13  20  16  16  12  18  16  10  13  17  21
  27  21  14  18  20  13  15  14  14  16  19  18  17  13  13  21
  25  20  19  13  17  18  16  15  17  20  17  15  16  18  13  15
  23  17  15  18  13  13  14  12  14  12  15  16  15  14  14  12
  22  20  20  21  17  17  20  21  18  19  21  20  19  19  21  19
  22  20  23  71  65  66  66  66  64  66  68  63  62  19  18  18
  20  19  22 170 164 161 160 158 158 158 161 158 134  18  17  16
  16  19  25 171 163 161 160 157 157 157 157 157 142  18  17  14
  19  20  19 178 175 176 171 166 164 163 158 158 140  18  18  16
  21  19  17  14  13  14  13  15  15  86 159 158 145  16  17  16
  19  19  18  18  18  17  19  19  20  84 159 158 143  18  17  18
  18  18  16  18  18  18  18  19  20  88 159 156 136  20  16  19
  20  19  18  18  18  18  19  17  18  81 159 156 148  17  17  18
  19  19  18  18  18  17  16  16  17  87 159 158 145  15  16  19
  21  18  17  18  17  16  17  17  17  82 156 154 143  16  16  19
  17  18  17  17  17  17  16  16  17  71 119 119 115  15  16  16
  18  19  17  17  16  16  15  15  15  16  15  16  12  15  14  17
  19  17  16  16  16  15  13  14  16  15  16  17  13  14  15  14
  14  13  11  11  12   9  12  11  12  12  12  11  11  11  12  12
  13  12  10  10  11   9   9   9  11   9   9  12  11  11  11  10
  17  15  16  17  15  16  16  17  15  16  16  16  15  15  17  16
  18  16  20  61  52  57  57  57  54  58  58  55  57  16  14  18
  12  15  20 149 138 136 137 133 133 135 136 135 118  15  13  14
  11  14  17 150 138 137 134 131 131 134 137 136 127  14  13  11
  12  14  18 162 153 156 153 151 147 142 135 135 120  13  14  11
  12  15  14  11  10  10  10  12  10  77 134 134 127  11  13  11
  12  15  15  14  15  14  14  15  14  77 133 133 125  15  13  13
  12  14  13  14  15  15  15  15  15  80 133 131 118  15  13  16
  14  15  15  15  15  14  15  13  15  68 133 131 133  12  14  15
  14  15  14  14  15  13  12  13  14  75 133 132 130  14  12  15
  15  14  13  15  13  12  13  13  13  71 133 132 127  13  12  13
  13  14  13  13  14  13  12  12  13  63 108 109 105  11  12  10
  13  15  13  14  12  12  11  11  11  11  11  12  10  10  10  13
  12  14  12  11  11  11  11  10  11  14  12  13  10  10  10  10
   8   7   9   9  10   7   7   8   5   6   8   8   8   6   8   8

  21  23  18  20  23  21  19  15  21  25  26  18  15  21  21  15
  21  20  21  21  21  21  20  21  24  23  18  16  19  17  13  13
  17  22  24  25  26  26  31  21  24  27  23  17  19  13  13  18
  17  23  70 150 159 159 161 159 153 162 158 156 128  10  17  16
  20  20  73 180 179 178 176 178 178 178 179 172 130  16  18  15
  19  19  77 182 182 183 182 181 179 179 180 174 127  18  19  17
  16  27  76 181 181 184  95  94 106  93  95  86  74  12  16  20
  22  26  75 178 177 178  17  16  18  24  25  20  19  16  14  17
  15  26  77 176 179 180  19  22  22  22  20  20  18  16  14  15
  19  22  78 182 184 191  16  20  22  22  19  20  20  20  15  16
  21  22  78 187 192 194  18  24  23  22  22  20  18  13  13  18
  25  25  84 189 190 194  20  25  24  25  26  23  24  21  20  17
  23  25  83 192 189 190  18  23  21  23  22  25  18  21  18  13
  27  22  34  37  34  24  23  24  23  25  24  21  20  16  14  19
  31  26  23  22  22  26  27  20  22  24  22  21  22  21  21  20
  42  36  31  32  32  27  29  36  35  28  29  34  26  17  27  25
  12  19  18  16  14  16  16  18  19  18  19  19  16  17  14  12
  14  21  18  17  17  18  17  17  16  17  16  16  16  14  15  12
  14  19  19  18  18  18  16  18  20  17  15  16  15  15  14  11
  15  19  62 134 142 140 145 143 136 148 145 143 115  12  13  11
  16  20  63 158 157 158 158 158 156 156 158 154 119  16  17  11
  15  21  68 161 157 158 159 159 159 159 159 156 119  15  16  12
  12  19  66 158 157 163  86  84  88  81  87  82  71  16  15  12
  14  18  64 158 157 164  15  20  20  18  17  17  17  15  16  12
  12  21  66 158 157 166  15  19  19  17  16  17  16  15  14  11
  14  20  66 160 160 171  13  19  18  19  16  17  16  15  13  12
  13  17  66 161 161 176  14  17  18  18  17  16  17  16  15   9
  13  17  65 164 163 175  13  18  18  18  18  17  17  16  16  12
  18  21  71 170 171 178  14  18  18  18  18  18  17  17  16  11
  15  20  23  22  25  19  17  18  16  18  18  17  17  17  16  11
  17  20  20  19  19  20  19  19  18  19  19  18  18  19  17  13
  23  22  22  20  16  19  21  19  18  20  19  21  17  18  19  14
  10  16  18  14  11  11  11  13  16  15  15  13  10  13  10   8
  11  17  14  13  13  14  13  13  13  14  12  12  12  10  10   8
  11  15  16  15  14  13  11  15  15  12  14  13  11  10  10   6
  11  15  57 118 127 120 127 125 118 133 130 127 105  10  10   8
  12  16  55 135 136 135 134 133 131 131 132 132 109  12  13   8
   9  16  58 136 137 135 134 133 133 133 133 133 108  11  12   8
   9  16  58 135 134 142  77  77  80  68  75  71  63  11  14   6
  11  15  54 133 131 147  10  14  15  15  14  13  13  11  11   5
   9  17  57 133 131 151  12  15  15  13  13  13  12  11  10   8
   9  16  57 137 134 153  10  14  15  15  12  13  12  11  11   7
   9  16  57 136 137 156  10  14  15  14  13  12  13  12  11   7
  11  15  52 138 138 153  10  15  15  15  15  13  14  12  11  10
  10  17  61 149 150 162  11  14  14  15  14  15  13  14  11   9
  10  16  20  20  17  18  14  15  13  15  14  13  13  13  12   9
  12  15  16  15  14  14  15  15  14  15  15  14  14  15  14   7
  13  17  18  12  11  12  12  12  12  14  14  15  13  13  12   8

  15  13  18  16  15  17  20  17  15  16  18  17  13  19  20  25
  21  13  13  17  18  19  16  14  14  15  13  20  18  14  21  27
  21  17  13  10  16  18  12  16  16  20  13  21  21  16  21  17
  15  19  19 128 130 127  74  19  18  20  18  24  18  20  22  26
  18  16  17 156 172 174  86  20  20  20  20  23  25  21  21  34
  26  18  23 158 179 180  95  25  20  19  22  26  22  24  22  29
  25  23  27 162 178 179  93  24  22  22  22  25  23  25  24  28
  21  24  24 153 178 179 106  18  22  22  23  24  21  23  22  35
  15  21  21 159 178 181  94  16  22  20  24  25  23  24  20  36
  19  20  31 161 176 182  95  17  19  16  18  20  18  23  27  29
  21  21  26 159 178 183 184 178 180 191 194 194 190  24  26  27
  23  21  26 159 179 182 181 177 179 184 192 190 189  34  22  32
  20  21  25 150 180 182 181 178 176 182 187 189 192  37  22  32
  18  21  24  70  73  77  76  75  77  78  78  84  83  34  23  31
  23  20  22  23  20  19  27  26  26  22  22  25  25  22  26  36
  21  21  17  17  20  19  16  22  15  19  21  25  23  27  31  42
  12  12  11  11  11  12  12  12  11  12   9  12  11  11  13  14
  14  15  14  13  17  16  15  16  14  13  15  16  16  16  17  19
  17  14  15  12  16  15  16  15  15  15  16  16  17  17  19  18
  16  16  15 115 119 119  71  17  16  16  17  17  17  17  18  17
  19  16  16 143 154 156  82  17  17  17  16  17  18  17  18  21
  19  16  15 145 158 159  87  17  16  16  17  18  18  18  19  19
  18  17  17 148 156 159  81  18  17  19  18  18  18  18  19  20
  19  16  20 136 156 159  88  20  19  18  18  18  18  16  18  18
  18  17  18 143 158 159  84  20  19  19  17  18  18  18  19  19
  16  17  16 145 158 159  86  15  15  13  14  13  14  17  19  21
  16  18  18 140 158 158 163 164 166 171 176 175 178  19  20  19
  14  17  18 142 157 157 157 157 157 160 161 163 171  25  19  16
  16  17  18 134 158 161 158 158 158 160 161 164 170  22  19  20
  18  18  19  62  63  68  66  64  66  66  66  65  71  23  20  22
  19  21  19  19  20  21  19  18  21  20  17  17  21  20  20  22
  12  14  14  15  16  15  12  14  12  14  13  13  18  15  17  23
   8   8   6   8   8   8   6   5   8   7   7  10   9   9   7   8
  10  10  10  10  13  12  14  11  10  11  11  11  11  12  14  12
  13  10  10  10  12  11  11  11  11  11  12  12  14  13  15  13
  10  12  11 105 109 108  63  13  12  12  13  14  13  13  14  13
  13  12  13 127 132 133  71  13  13  13  12  13  15  13  14  15
  15  12  14 130 132 133  75  14  13  12  13  15  14  14  15  14
  15  14  12 133 131 133  68  15  13  15  14  15  15  15  15  14
  16  13  15 118 131 133  80  15  15  15  15  15  14  13  14  12
  13  13  15 125 133 133  77  14  15  14  14  15  14  15  15  12
  11  13  11 127 134 134  77  10  12  10  10  10  11  14  15  12
  11  14  13 120 135 135 142 147 151 153 156 153 162  18  14  12
  11  13  14 127 136 137 134 131 131 134 137 138 150  17  14  11
  14  13  15 118 135 136 135 133 133 137 136 138 149  20  15  12
  18  14  16  57  55  58  58  54  57  57  57  52  61  20  16  18
  16  17  15  15  16  16  16  15  17  16  16  15  17  16  15  17
  10  11  11  11  12   9   9  11   9   9   9  11  10  10  12  13

