  28  32  30  31  29  29  30  27  27  23  26  28  33  34  33  26
  20  19  20  22  22  23  24  24  25  28  27  24  24  26  28  26
  19  18  19  19  18  19  21  22  24  26  25  22  26  26  26  21
  17  19  18  18  18  24  97 148 148 148 152 151 170  23  22  23
  19  22  17  17  17  20 123 183 189 191 190 186 184  19  23  20
  17  18  16  17  17  14 120 184 184 188 191 185 184  20  24  20
  17  18  16  18  19  20 128 181 179 167 111 114 110  27  24  21
  16  21  19  21  21  21 115 181 178 145  25  30  28  25  24  18
  17  21  17  17  21  23 117 178 177 143  21  28  28  25  22  16
  16  22  18  62  64  61 129 176 179 159  82  84  80  22  23  17
  19  19  13 162 175 178 175 177 183 182 179 180 172  21  22  15
  21  20  12 147 173 174 174 175 177 180 179 178 177  20  27  18
  15  20  13 147 165 171 173 174 175 174 179 167 150  18  26  19
  17  20  18  16  17  21  29  34  32  30  30  27  33  22  25  18
  20  20  18  16  16  17  18  21  20  18  17  18  23  23  24  17
  27  31  21  15  16  16  18  19  20  15  13  14  17  19  20  15
  14  25  23  24  25  25  25  24  23  22  23  21  23  24  24  21
  13  19  19  20  19  20  21  21  21  24  23  22  25  24  25  21
  12  18  20  19  18  20  20  21  21  23  24  20  23  22  22  18
  11  19  19  19  19  19  91 138 136 135 137 136 154  14  20  17
  11  19  17  18  18  18 115 163 164 166 167 164 166  14  21  17
  10  17  16  18  18  18 114 162 163 166 167 165 168  14  21  17
  12  17  16  17  16  19 117 161 159 147  96  99  97  19  20  17
  12  18  15  17  17  18 109 162 159 131  18  23  22  19  19  14
  13  18  17  18  18  20 109 160 158 131  17  20  21  20  19  14
  11  18  17  61  57  54 117 160 158 141  71  74  74  17  20  16
  11  17  13 152 157 159 159 159 160 161 162 161 161  15  21  15
  14  16  12 138 155 156 157 158 159 161 161 158 164  14  20  15
  11  16  12 140 151 156 158 160 165 165 163 150 141  14  21  16
  11  16  15  16  15  18  20  23  24  23  24  21  21  21  22  14
  14  16  14  15  16  17  17  18  19  18  17  18  19  20  20  13
  17  21  15  15  17  16  16  20  21  15  14  15  16  17  17  12
  10  17  16  20  21  21  22  21  21  18  19  18  20  21  21  21
  11  19  18  17  16  17  21  21  21  23  19  17  20  20  21  18
   9  17  18  18  17  18  19  19  18  19  22  19  22  19  19  16
  11  16  15  15  15  16  87 132 127 122 121 122 139  10  20  17
   9  15  17  17  17  17 103 141 143 143 145 142 147  12  19  15
  12  17  16  16  16  13 103 140 141 142 144 142 149  10  17  14
   8  16  16  17  17  16 111 139 137 130  84  81  83  13  16  14
   8  14  14  16  15  16 101 139 135 114  17  23  21  19  17  11
   8  14  15  15  14  17 100 138 134 114  14  19  18  21  19  13
   9  14  14  59  54  52 109 138 137 126  62  65  69  17  20  15
  10  15  12 139 137 140 138 137 139 140 141 140 145  11  17  15
  12  17  12 126 133 133 134 136 137 139 139 136 147  11  17  13
   8  17  12 132 132 136 138 141 145 145 147 134 129  11  17  11
   9  18  15  15  15  17  19  21  22  20  21  19  17  17  18  10
   9  16  14  15  16  17  17  15  17  18  17  18  18  19  19  11
  11  16  13  13  13  14  14  17  18  14  13  14  15  16  16  11

  26  26  21  23  20  20  21  18  16  17  15  18  19  18  17  15
  33  28  26  22  23  24  24  24  22  23  22  27  26  25  24  20
  34  26  26  23  19  20  27  25  25  22  21  20  18  22  23  19
  33  24  26 170 184 184 110  28  28  80 172 177 150  33  23  17
  28  24  22 151 186 185 114  30  28  84 180 178 167  27  18  14
  26  27  25 152 190 191 111  25  21  82 179 179 179  30  17  13
  23  28  26 148 191 188 167 145 143 159 182 180 174  30  18  15
  27  25  24 148 189 184 179 178 177 179 183 177 175  32  20  20
  27  24  22 148 183 184 181 181 178 176 177 175 174  34  21  19
  30  24  21  97 123 120 128 115 117 129 175 174 173  29  18  18
  29  23  19  24  20  14  20  21  23  61 178 174 171  21  17  16
  29  22  18  18  17  17  19  21  21  64 175 173 165  17  16  16
  31  22  19  18  17  17  18  21  17  62 162 147 147  16  16  15
  30  20  19  18  17  16  16  19  17  18  13  12  13  18  18  21
  32  19  18  19  22  18  18  21  21  22  19  20  20  20  20  31
  28  20  19  17  19  17  17  16  17  16  19  21  15  17  20  27
  21  21  18  17  17  17  17  14  14  16  15  15  16  14  13  12
  24  25  22  20  21  21  20  19  19  20  21  20  21  22  20  17
  24  24  22  14  14  14  19  19  20  17  15  14  14  21  20  17
  23  25  23 154 166 168  97  22  21  74 161 164 141  21  19  16
  21  22  20 136 164 165  99  23  20  74 161 158 150  21  18  15
  23  23  24 137 167 167  96  18  17  71 162 161 163  24  17  14
  22  24  23 135 166 166 147 131 131 141 161 161 165  23  18  15
  23  21  21 136 164 163 159 159 158 158 160 159 165  24  19  21
  24  21  21 138 163 162 161 162 160 160 159 158 160  23  18  20
  25  21  20  91 115 114 117 109 109 117 159 157 158  20  17  16
  25  20  20  19  18  18  19  18  20  54 159 156 156  18  17  16
  25  19  18  19  18  18  16  17  18  57 157 155 151  15  16  17
  24  20  19  19  18  18  17  17  18  61 152 138 140  16  15  15
  23  19  20  19  17  16  16  15  17  17  13  12  12  15  14  15
  25  19  18  19  19  17  17  18  18  18  17  16  16  16  16  21
  14  13  12  11  11  10  12  12  13  11  11  14  11  11  14  17
  21  18  16  17  15  14  14  11  13  15  15  13  11  10  11  11
  21  21  19  20  19  17  16  17  19  20  17  17  17  18  19  16
  21  20  19  10  12  10  13  19  21  17  11  11  11  17  19  16
  20  20  22 139 147 149  83  21  18  69 145 147 129  17  18  15
  18  17  19 122 142 142  81  23  19  65 140 136 134  19  18  14
  19  19  22 121 145 144  84  17  14  62 141 139 147  21  17  13
  18  23  19 122 143 142 130 114 114 126 140 139 145  20  18  14
  21  21  18 127 143 141 137 135 134 137 139 137 145  22  17  18
  21  21  19 132 141 140 139 139 138 138 137 136 141  21  15  17
  22  21  19  87 103 103 111 101 100 109 138 134 138  19  17  14
  21  17  18  16  17  13  16  16  17  52 140 133 136  17  17  14
  21  16  17  15  17  16  17  15  14  54 137 133 132  15  16  13
  20  17  18  15  17  16  17  16  15  59 139 126 132  15  15  13
  16  18  18  15  17  16  16  14  15  14  12  12  12  15  14  13
  17  19  17  16  15  17  16  14  14  14  15  17  17  18  16  16
  10  11   9  11   9  12   8   8   8   9  10  12   8   9   9  11

  15  20  19  17  14  13  15  20  19  18  16  16  15  21  31  27
  17  24  23  23  18  17  18  20  21  18  17  16  16  18  20  20
  18  25  22  33  27  30  30  32  34  29  21  17  16  18  20  17
  19  26  18 150 167 179 174 175 174 173 171 165 147  13  20  15
  18  27  20 177 178 179 180 177 175 174 174 173 147  12  20  21
  15  22  21 172 180 179 182 183 177 175 178 175 162  13  19  19
  17  23  22  80  84  82 159 179 176 129  61  64  62  18  22  16
  16  22  25  28  28  21 143 177 178 117  23  21  17  17  21  17
  18  24  25  28  30  25 145 178 181 115  21  21  21  19  21  16
  21  24  27 110 114 111 167 179 181 128  20  19  18  16  18  17
  20  24  20 184 185 191 188 184 184 120  14  17  17  16  18  17
  20  23  19 184 186 190 191 189 183 123  20  17  17  17  22  19
  23  22  23 170 151 152 148 148 148  97  24  18  18  18  19  17
  21  26  26  26  22  25  26  24  22  21  19  18  19  19  18  19
  26  28  26  24  24  27  28  25  24  24  23  22  22  20  19  20
  26  33  34  33  28  26  23  27  27  30  29  29  31  30  32  28
  12  17  17  16  15  14  15  21  20  16  16  17  15  15  21  17
  13  20  20  19  18  17  18  19  18  17  17  16  15  14  16  14
  14  22  21  21  21  24  23  24  23  20  18  15  16  15  16  11
  16  21  14 141 150 163 165 165 160 158 156 151 140  12  16  11
  15  20  14 164 158 161 161 159 158 157 156 155 138  12  16  14
  15  21  15 161 161 162 161 160 159 159 159 157 152  13  17  11
  16  20  17  74  74  71 141 158 160 117  54  57  61  17  18  11
  14  19  20  21  20  17 131 158 160 109  20  18  18  17  18  13
  14  19  19  22  23  18 131 159 162 109  18  17  17  15  18  12
  17  20  19  97  99  96 147 159 161 117  19  16  17  16  17  12
  17  21  14 168 165 167 166 163 162 114  18  18  18  16  17  10
  17  21  14 166 164 167 166 164 163 115  18  18  18  17  19  11
  17  20  14 154 136 137 135 136 138  91  19  19  19  19  19  11
  18  22  22  23  20  24  23  21  21  20  20  18  19  20  18  12
  21  25  24  25  22  23  24  21  21  21  20  19  20  19  19  13
  21  24  24  23  21  23  22  23  24  25  25  25  24  23  25  14
  11  16  16  15  14  13  14  18  17  14  14  13  13  13  16  11
  11  19  19  18  18  17  18  17  15  17  17  16  15  14  16   9
  10  18  17  17  19  21  20  22  21  19  17  15  15  15  18   9
  11  17  11 129 134 147 145 145 141 138 136 132 132  12  17   8
  13  17  11 147 136 139 139 137 136 134 133 133 126  12  17  12
  15  17  11 145 140 141 140 139 137 138 140 137 139  12  15  10
  15  20  17  69  65  62 126 137 138 109  52  54  59  14  14   9
  13  19  21  18  19  14 114 134 138 100  17  14  15  15  14   8
  11  17  19  21  23  17 114 135 139 101  16  15  16  14  14   8
  14  16  13  83  81  84 130 137 139 111  16  17  17  16  16   8
  14  17  10 149 142 144 142 141 140 103  13  16  16  16  17  12
  15  19  12 147 142 145 143 143 141 103  17  17  17  17  15   9
  17  20  10 139 122 121 122 127 132  87  16  15  15  15  16  11
  16  19  19  22  19  22  19  18  19  19  18  17  18  18  17   9
  18  21  20  20  17  19  23  21  21  21  17  16  17  18  19  11
  21  21  21  20  18  19  18  21  21  22  21  21  20  16  17  10

  27  20  17  15  21  19  16  17  16  17  17  19  17  19  20  28
  31  20  20  20  20  19  22  21  21  18  18  22  19  18  19  32
  21  18  18  13  12  13  18  17  19  16  16  17  18  19  20  30
  15  16  16 147 147 162  62  17  21  18  17  17  18  19  22  31
  16  16  17 165 173 175  64  21  21  19  17  17  18  18  22  29
  16  17  21 171 174 178  61  23  21  20  14  20  24  19  23  29
  18  18  29 173 174 175 129 117 115 128 120 123  97  21  24  30
  19  21  34 174 175 177 176 178 181 181 184 183 148  22  24  27
  20  20  32 175 177 183 179 177 178 179 184 189 148  24  25  27
  15  18  30 174 180 182 159 143 145 167 188 191 148  26  28  23
  13  17  30 179 179 179  82  21  25 111 191 190 152  25  27  26
  14  18  27 167 178 180  84  28  30 114 185 186 151  22  24  28
  17  23  33 150 177 172  80  28  28 110 184 184 170  26  24  33
  19  23  22  18  20  21  22  25  25  27  20  19  23  26  26  34
  20  24  25  26  27  22  23  22  24  24  24  23  22  26  28  33
  15  17  18  19  18  15  17  16  18  21  20  20  23  21  26  26
  17  14  11  11  14  11  11  13  12  12  10  11  11  12  13  14
  21  16  16  16  16  17  18  18  18  17  17  19  19  18  19  25
  15  14  15  12  12  13  17  17  15  16  16  17  19  20  19  23
  15  15  16 140 138 152  61  18  17  17  18  18  19  19  20  24
  17  16  15 151 155 157  57  18  17  16  18  18  19  18  19  25
  16  17  18 156 156 159  54  20  18  19  18  18  19  20  20  25
  16  17  20 158 157 159 117 109 109 117 114 115  91  20  21  25
  20  18  23 160 158 159 160 160 162 161 162 163 138  21  21  24
  21  19  24 165 159 160 158 158 159 159 163 164 136  21  21  23
  15  18  23 165 161 161 141 131 131 147 166 166 135  23  24  22
  14  17  24 163 161 162  71  17  18  96 167 167 137  24  23  23
  15  18  21 150 158 161  74  20  23  99 165 164 136  20  22  21
  16  19  21 141 164 161  74  21  22  97 168 166 154  23  25  23
  17  20  21  14  14  15  17  20  19  19  14  14  14  22  24  24
  17  20  22  21  20  21  20  19  19  20  21  21  20  22  25  24
  12  13  14  16  15  15  16  14  14  17  17  17  17  18  21  21
  11   9   9   8  12  10   9   8   8   8  12   9  11   9  11  10
  16  16  18  17  17  15  14  14  14  16  17  15  16  17  19  17
  13  14  15  12  12  12  14  15  14  16  16  17  15  18  18  16
  13  15  15 132 126 139  59  15  16  17  16  17  15  18  17  20
  13  16  15 132 133 137  54  14  15  17  16  17  15  17  16  21
  14  17  17 136 133 140  52  17  16  16  13  17  16  18  17  21
  14  17  19 138 134 138 109 100 101 111 103 103  87  19  21  22
  17  15  21 141 136 137 138 138 139 139 140 141 132  19  21  21
  18  17  22 145 137 139 137 134 135 137 141 143 127  18  21  21
  14  18  20 145 139 140 126 114 114 130 142 143 122  19  23  18
  13  17  21 147 139 141  62  14  17  84 144 145 121  22  19  19
  14  18  19 134 136 140  65  19  23  81 142 142 122  19  17  18
  15  18  17 129 147 145  69  18  21  83 149 147 139  22  20  20
  16  19  17  11  11  11  17  21  19  13  10  12  10  19  20  21
  16  19  18  17  17  17  20  19  17  16  17  19  20  19  21  21
  11  11  10  11  13  15  15  13  11  14  14  15  17  16  18  21

