  32  49  41  40  37  42  39  42  45  46  39  34  40  38  42  33
  29  44  41  34  30  31  37  38  38  39  32  32  35  37  39  30
  24  40  40  37  29  36  39  45  43  44  38  42  43  43  36  30
  26  42  37  34  34  36 131 195 188 194 195 196 182  31  32  29
  24  34  37  36  34  35 139 214 219 217 221 220 205  29  34  27
  26  35  39  29  31  37 131 219 216 216 218 217 209  27  30  24
  29  38  32 131 155 151 176 209 211 185 105 105 107  33  39  27
  31  38  32 174 209 210 206 207 206 161  32  35  33  33  38  22
  29  38  34 167 206 205 204 206 206 166  37  35  32  30  31  26
  29  37  29 181 209 208 207 208 206 184 113 115  97  32  31  28
  27  38  31 172 206 207 206 209 210 210 210 213 194  23  29  28
  22  34  28 168 207 208 204 212 209 207 209 208 191  21  27  23
  24  37  33 161 183 178 187 189 183 189 183 184 177  24  28  21
  24  37  35  39  39  37  35  36  36  33  28  30  31  28  28  24
  24  32  33  36  32  32  31  29  30  30  30  29  28  26  27  25
  25  36  36  36  31  32  27  33  28  33  36  34  36  29  25  20
  24  33  31  33  29  33  29  29  33  32  30  28  30  29  32  22
  21  36  35  32  31  30  32  32  34  33  32  29  31  30  32  22
  23  33  33  31  29  30  32  33  34  35  31  33  30  28  29  22
  20  34  32  30  28  28 117 176 170 176 176 174 167  21  27  21
  20  31  30  29  27  27 129 191 194 195 194 193 188  20  26  20
  19  31  31  28  29  29 121 191 193 192 191 190 188  19  27  18
  22  29  24 123 139 136 158 186 186 165  96  94 102  23  28  19
  23  30  24 161 186 187 185 185 185 146  25  26  28  26  25  17
  21  31  28 155 188 187 186 185 184 149  26  28  27  27  26  20
  24  32  25 169 187 187 186 185 184 167  92 108  91  22  26  19
  19  32  25 162 187 188 190 188 187 187 187 187 176  18  24  18
  18  31  24 156 185 186 187 187 186 185 186 186 174  18  24  16
  20  31  27 152 167 163 174 171 167 173 169 169 164  18  25  16
  19  30  30  30  26  26  25  27  26  24  23  24  26  25  24  15
  20  30  31  29  26  26  26  26  27  27  27  26  25  25  24  15
  17  27  28  28  24  22  27  26  26  29  24  24  25  25  25  16
  18  31  25  28  25  29  26  27  29  29  27  25  28  25  29  20
  19  32  31  28  27  26  29  29  30  29  27  27  29  27  28  19
  18  28  29  27  24  26  31  28  27  28  28  33  28  25  26  18
  16  28  27  26  25  25 115 163 157 161 159 158 155  18  23  16
  17  24  24  25  24  24 120 171 169 169 171 170 168  16  23  18
  14  24  23  23  26  28 112 171 168 169 171 169 168  16  23  16
  16  27  21 113 128 128 143 165 165 148  85  86  93  20  22  14
  19  27  21 149 164 164 164 164 163 132  23  23  24  23  22  14
  18  28  23 143 166 165 164 164 162 133  24  24  24  23  22  17
  19  28  23 157 166 166 165 164 163 148  86 101  85  17  23  15
  16  28  20 151 166 166 167 167 166 166 166 166 161  16  20  12
  16  27  21 143 164 165 165 166 165 165 165 165 154  13  20  11
  15  27  23 140 152 147 158 153 151 155 152 150 148  14  21  14
  16  27  26  27  26  23  22  25  23  21  21  20  22  22  22  15
  15  27  27  26  23  23  23  22  23  23  23  22  21  21  22  14
  14  24  25  25  22  19  22  23  24  23  20  21  22  21  21  13

  33  30  30  29  27  24  27  22  26  28  28  23  21  24  25  20
  42  39  36  32  34  30  39  38  31  31  29  27  28  28  27  25
  38  37  43  31  29  27  33  33  30  32  23  21  24  28  26  29
  40  35  43 182 205 209 107  33  32  97 194 191 177  31  28  36
  34  32  42 196 220 217 105  35  35 115 213 208 184  30  29  34
  39  32  38 195 221 218 105  32  37 113 210 209 183  28  30  36
  46  39  44 194 217 216 185 161 166 184 210 207 189  33  30  33
  45  38  43 188 219 216 211 206 206 206 210 209 183  36  30  28
  42  38  45 195 214 219 209 207 206 208 209 212 189  36  29  33
  39  37  39 131 139 131 176 206 204 207 206 204 187  35  31  27
  42  31  36  36  35  37 151 210 205 208 207 208 178  37  32  32
  37  30  29  34  34  31 155 209 206 209 206 207 183  39  32  31
  40  34  37  34  36  29 131 174 167 181 172 168 161  39  36  36
  41  41  40  37  37  39  32  32  34  29  31  28  33  35  33  36
  49  44  40  42  34  35  38  38  38  37  38  34  37  37  32  36
  32  29  24  26  24  26  29  31  29  29  27  22  24  24  24  25
  22  22  22  21  20  18  19  17  20  19  18  16  16  15  15  16
  32  32  29  27  26  27  28  25  26  26  24  24  25  24  24  25
  29  30  28  21  20  19  23  26  27  22  18  18  18  25  25  25
  30  31  30 167 188 188 102  28  27  91 176 174 164  26  25  25
  28  29  33 174 193 190  94  26  28 108 187 186 169  24  26  24
  30  32  31 176 194 191  96  25  26  92 187 186 169  23  27  24
  32  33  35 176 195 192 165 146 149 167 187 185 173  24  27  29
  33  34  34 170 194 193 186 185 184 184 187 186 167  26  27  26
  29  32  33 176 191 191 186 185 185 185 188 187 171  27  26  26
  29  32  32 117 129 121 158 185 186 186 190 187 174  25  26  27
  33  30  30  28  27  29 136 187 187 187 188 186 163  26  26  22
  29  31  29  28  27  29 139 186 188 187 187 185 167  26  26  24
  33  32  31  30  29  28 123 161 155 169 162 156 152  30  29  28
  31  35  33  32  30  31  24  24  28  25  25  24  27  30  31  28
  33  36  33  34  31  31  29  30  31  32  32  31  31  30  30  27
  24  21  23  20  20  19  22  23  21  24  19  18  20  19  20  17
  20  19  18  16  18  16  14  14  17  15  12  11  14  15  14  13
  29  28  26  23  23  23  22  22  22  23  20  20  21  22  22  21
  25  27  25  18  16  16  20  23  23  17  16  13  14  22  21  21
  28  29  28 155 168 168  93  24  24  85 161 154 148  22  21  22
  25  27  33 158 170 169  86  23  24 101 166 165 150  20  22  21
  27  27  28 159 171 171  85  23  24  86 166 165 152  21  23  20
  29  29  28 161 169 169 148 132 133 148 166 165 155  21  23  23
  29  30  27 157 169 168 165 163 162 163 166 165 151  23  23  24
  27  29  28 163 171 171 165 164 164 164 167 166 153  25  22  23
  26  29  31 115 120 112 143 164 164 165 167 165 158  22  23  22
  29  26  26  25  24  28 128 164 165 166 166 165 147  23  23  19
  25  27  24  25  24  26 128 164 166 166 166 164 152  26  23  22
  28  28  27  26  25  23 113 149 143 157 151 143 140  27  26  25
  25  31  29  27  24  23  21  21  23  23  20  21  23  26  27  25
  31  32  28  28  24  24  27  27  28  28  28  27  27  27  27  24
  18  19  18  16  17  14  16  19  18  19  16  16  15  16  15  14

  20  25  29  36  34  36  33  28  33  27  32  31  36  36  36  25
  25  27  26  28  29  30  30  30  29  31  32  32  36  33  32  24
  24  28  28  31  30  28  33  36  36  35  37  39  39  35  37  24
  21  28  24 177 184 183 189 183 189 187 178 183 161  33  37  24
  23  27  21 191 208 209 207 209 212 204 208 207 168  28  34  22
  28  29  23 194 213 210 210 210 209 206 207 206 172  31  38  27
  28  31  32  97 115 113 184 206 208 207 208 209 181  29  37  29
  26  31  30  32  35  37 166 206 206 204 205 206 167  34  38  29
  22  38  33  33  35  32 161 206 207 206 210 209 174  32  38  31
  27  39  33 107 105 105 185 211 209 176 151 155 131  32  38  29
  24  30  27 209 217 218 216 216 219 131  37  31  29  39  35  26
  27  34  29 205 220 221 217 219 214 139  35  34  36  37  34  24
  29  32  31 182 196 195 194 188 195 131  36  34  34  37  42  26
  30  36  43  43  42  38  44  43  45  39  36  29  37  40  40  24
  30  39  37  35  32  32  39  38  38  37  31  30  34  41  44  29
  33  42  38  40  34  39  46  45  42  39  42  37  40  41  49  32
  16  25  25  25  24  24  29  26  26  27  22  24  28  28  27  17
  15  24  25  25  26  27  27  27  26  26  26  26  29  31  30  20
  15  24  25  26  24  23  24  26  27  25  26  26  30  30  30  19
  16  25  18 164 169 169 173 167 171 174 163 167 152  27  31  20
  16  24  18 174 186 186 185 186 187 187 186 185 156  24  31  18
  18  24  18 176 187 187 187 187 188 190 188 187 162  25  32  19
  19  26  22  91 108  92 167 184 185 186 187 187 169  25  32  24
  20  26  27  27  28  26 149 184 185 186 187 188 155  28  31  21
  17  25  26  28  26  25 146 185 185 185 187 186 161  24  30  23
  19  28  23 102  94  96 165 186 186 158 136 139 123  24  29  22
  18  27  19 188 190 191 192 193 191 121  29  29  28  31  31  19
  20  26  20 188 193 194 195 194 191 129  27  27  29  30  31  20
  21  27  21 167 174 176 176 170 176 117  28  28  30  32  34  20
  22  29  28  30  33  31  35  34  33  32  30  29  31  33  33  23
  22  32  30  31  29  32  33  34  32  32  30  31  32  35  36  21
  22  32  29  30  28  30  32  33  29  29  33  29  33  31  33  24
  13  21  21  22  21  20  23  24  23  22  19  22  25  25  24  14
  14  22  21  21  22  23  23  23  22  23  23  23  26  27  27  15
  15  22  22  22  20  21  21  23  25  22  23  26  27  26  27  16
  14  21  14 148 150 152 155 151 153 158 147 152 140  23  27  15
  11  20  13 154 165 165 165 165 166 165 165 164 143  21  27  16
  12  20  16 161 166 166 166 166 167 167 166 166 151  20  28  16
  15  23  17  85 101  86 148 163 164 165 166 166 157  23  28  19
  17  22  23  24  24  24 133 162 164 164 165 166 143  23  28  18
  14  22  23  24  23  23 132 163 164 164 164 164 149  21  27  19
  14  22  20  93  86  85 148 165 165 143 128 128 113  21  27  16
  16  23  16 168 169 171 169 168 171 112  28  26  23  23  24  14
  18  23  16 168 170 171 169 169 171 120  24  24  25  24  24  17
  16  23  18 155 158 159 161 157 163 115  25  25  26  27  28  16
  18  26  25  28  33  28  28  27  28  31  26  24  27  29  28  18
  19  28  27  29  27  27  29  30  29  29  26  27  28  31  32  19
  20  29  25  28  25  27  29  29  27  26  29  25  28  25  31  18

  25  24  24  24  22  27  29  29  31  29  26  24  26  24  29  32
  36  32  37  37  34  38  37  38  38  38  35  34  42  40  44  49
  36  33  35  33  28  31  29  34  32  32  39  37  37  40  41  41
  36  36  39 161 168 172 181 167 174 131  29  36  34  37  34  40
  31  32  39 183 207 206 209 206 209 155  31  34  34  29  30  37
  32  32  37 178 208 207 208 205 210 151  37  35  36  36  31  42
  27  31  35 187 204 206 207 204 206 176 131 139 131  39  37  39
  33  29  36 189 212 209 208 206 207 209 219 214 195  45  38  42
  28  30  36 183 209 210 206 206 206 211 216 219 188  43  38  45
  33  30  33 189 207 210 184 166 161 185 216 217 194  44  39  46
  36  30  28 183 209 210 113  37  32 105 218 221 195  38  32  39
  34  29  30 184 208 213 115  35  35 105 217 220 196  42  32  34
  36  28  31 177 191 194  97  32  33 107 209 205 182  43  35  40
  29  26  28  24  21  23  32  30  33  33  27  29  31  43  37  38
  25  27  28  28  27  29  31  31  38  39  30  34  32  36  39  42
  20  25  24  21  23  28  28  26  22  27  24  27  29  30  30  33
  17  20  19  20  18  19  24  21  23  22  19  20  20  23  21  24
  27  30  30  31  31  32  32  31  30  29  31  31  34  33  36  33
  28  31  30  27  24  25  25  28  24  24  31  30  32  33  35  31
  28  29  30 152 156 162 169 155 161 123  28  29  30  31  32  33
  24  26  26 167 185 187 187 188 186 139  29  27  28  29  31  29
  22  26  26 163 186 188 187 187 187 136  29  27  28  30  30  33
  27  26  25 174 187 190 186 186 185 158 121 129 117  32  32  29
  26  26  27 171 187 188 185 185 185 186 191 191 176  33  32  29
  26  27  26 167 186 187 184 184 185 186 193 194 170  34  34  33
  29  27  24 173 185 187 167 149 146 165 192 195 176  35  33  32
  24  27  23 169 186 187  92  26  25  96 191 194 176  31  32  30
  24  26  24 169 186 187 108  28  26  94 190 193 174  33  29  28
  25  25  26 164 174 176  91  27  28 102 188 188 167  30  31  30
  25  25  25  18  18  18  22  27  26  23  19  20  21  28  30  29
  25  24  24  25  24  24  26  26  25  28  27  26  27  29  32  32
  16  15  15  16  16  18  19  20  17  19  18  20  21  22  22  22
  14  15  16  15  16  16  19  18  19  16  14  17  16  18  19  18
  24  27  27  27  27  28  28  28  27  27  24  24  28  28  32  31
  25  27  26  23  21  20  23  23  21  21  23  24  27  29  31  25
  25  26  27 140 143 151 157 143 149 113  23  25  26  27  28  28
  22  23  26 152 164 166 166 166 164 128  26  24  25  24  27  25
  19  23  23 147 165 166 166 165 164 128  28  24  25  26  26  29
  22  23  22 158 165 167 165 164 164 143 112 120 115  31  29  26
  23  22  25 153 166 167 164 164 164 165 171 171 163  28  29  27
  24  23  23 151 165 166 163 162 163 165 168 169 157  27  30  29
  23  23  21 155 165 166 148 133 132 148 169 169 161  28  29  29
  20  23  21 152 165 166  86  24  23  85 171 171 159  28  27  27
  21  22  20 150 165 166 101  24  23  86 169 170 158  33  27  25
  22  21  22 148 154 161  85  24  24  93 168 168 155  28  29  28
  21  21  22  14  13  16  17  23  23  20  16  16  18  25  27  25
  21  22  22  21  20  20  23  22  22  22  23  23  23  26  28  29
  13  14  15  14  11  12  15  17  14  14  16  18  16  18  19  20

