  37  38  39  37  34  36  43  38  41  39  40  39  42  37  41  32
  26  30  28  31  32  32  32  32  32  32  31  37  36  33  37  32
  23  30  30  30  28  27  30  34  32  32  39  34  36  37  36  29
  20  25  27  29  30  27  67 185 188 179 176 181 177 100  31  23
  20  26  27  26  25  25  64 197 199 201 200 201 202 110  31  24
  19  27  30  28  25  25  61 197 199 199 199 198 203 111  31  23
  19  26  27  27  25  26  43  85 109 112 196 200 200 113  35  25
  20  27  25  25  28  29  28  28  31  23 187 200 202  98  31  26
  24  29  29  29  28  26  25  29  32  24 184 199 198 106  32  23
  20  29  29  65  88  77  90  92  86  74 187 198 200 108  32  22
  16  27  29 119 187 189 191 189 194 194 199 201 200 106  29  23
  17  23  22 110 182 188 189 192 198 199 199 198 198 106  29  20
  14  14  20 106 169 182 177 184 184 190 186 181 178  92  27  22
  16  20  22  26  26  26  27  27  33  33  29  27  29  31  30  22
  14  18  19  20  21  22  22  22  24  25  25  22  23  24  25  21
  16  23  20  21  23  22  20  23  22  19  22  21  24  25  25  21
  22  26  26  27  26  27  29  30  30  28  28  29  30  28  31  23
  20  24  25  26  26  25  26  26  27  29  27  27  26  28  29  24
  17  22  24  24  24  24  27  27  28  29  29  28  27  28  28  22
  17  21  24  23  23  24  64 177 173 162 160 161 160  90  27  20
  16  22  22  21  21  24  59 178 178 181 180 182 181  99  28  20
  15  22  22  21  21  22  57 178 174 179 178 181 182 103  26  20
  15  22  21  22  21  21  35  80  93 101 177 182 183 100  28  20
  16  22  21  21  22  22  25  24  23  17 175 181 185  88  27  18
  18  21  21  22  22  22  25  24  23  17 171 181 183  96  24  17
  14  19  22  57  78  74  81  80  79  68 174 180 183  96  27  19
  12  20  20 111 169 167 168 172 179 178 178 179 182  99  26  18
  14  20  18 104 166 168 169 171 176 177 176 178 179  99  26  17
  15  19  19 101 158 165 162 167 171 176 171 168 164  86  25  18
  14  18  20  18  19  20  21  22  21  25  24  24  25  27  27  18
  15  20  19  20  21  20  21  20  21  23  24  22  23  24  24  18
  12  17  17  15  17  17  20  22  22  21  22  19  23  19  22  16
  17  20  21  23  23  24  24  24  28  23  26  24  26  26  28  21
  19  21  21  23  22  22  23  23  23  25  24  24  23  24  26  22
  15  19  21  21  20  20  23  24  24  25  26  24  24  25  25  19
  14  18  20  20  20  20  59 162 157 149 146 149 146  84  23  17
  13  18  18  17  17  19  56 160 156 159 159 160 158  88  24  17
  12  18  18  17  17  16  52 156 152 156 159 159 160  91  24  17
  12  18  17  18  17  17  32  73  84  92 159 159 161  92  25  18
  12  18  17  17  18  18  21  20  20  14 162 159 163  78  23  17
  13  17  17  18  18  17  20  20  20  15 160 159 162  87  21  14
  12  16  18  54  75  67  77  76  74  62 159 159 163  86  23  16
  14  16  17 101 146 147 149 152 158 156 156 158 162  89  22  15
  13  17  14  97 144 146 147 151 155 156 156 157 158  90  22  14
  12  17  14  94 144 145 144 149 154 160 155 152 146  79  21  15
  11  14  16  15  17  17  18  18  19  21  20  21  24  23  23  15
  10  15  15  16  16  17  21  19  20  20  19  21  23  24  23  15
   8  14  12  14  14  15  20  20  18  19  20  17  19  19  22  15

  32  32  29  23  24  23  25  26  23  22  23  20  22  22  21  21
  41  37  36  31  31  31  35  31  32  32  29  29  27  30  25  25
  37  33  37 100 110 111 113  98 106 108 106 106  92  31  24  25
  42  36  36 177 202 203 200 202 198 200 200 198 178  29  23  24
  39  37  34 181 201 198 200 200 199 198 201 198 181  27  22  21
  40  31  39 176 200 199 196 187 184 187 199 199 186  29  25  22
  39  32  32 179 201 199 112  23  24  74 194 199 190  33  25  19
  41  32  32 188 199 199 109  31  32  86 194 198 184  33  24  22
  38  32  34 185 197 197  85  28  29  92 189 192 184  27  22  23
  43  32  30  67  64  61  43  28  25  90 191 189 177  27  22  20
  36  32  27  27  25  25  26  29  26  77 189 188 182  26  22  22
  34  32  28  30  25  25  25  28  28  88 187 182 169  26  21  23
  37  31  30  29  26  28  27  25  29  65 119 110 106  26  20  21
  39  28  30  27  27  30  27  25  29  29  29  22  20  22  19  20
  38  30  30  25  26  27  26  27  29  29  27  23  14  20  18  23
  37  26  23  20  20  19  19  20  24  20  16  17  14  16  14  16
  23  24  22  20  20  20  20  18  17  19  18  17  18  18  18  16
  31  29  28  27  28  26  28  27  24  27  26  26  25  27  24  22
  28  28  28  90  99 103 100  88  96  96  99  99  86  27  24  19
  30  26  27 160 181 182 183 185 183 183 182 179 164  25  23  23
  29  27  28 161 182 181 182 181 181 180 179 178 168  24  22  19
  28  27  29 160 180 178 177 175 171 174 178 176 171  24  24  22
  28  29  29 162 181 179 101  17  17  68 178 177 176  25  23  21
  30  27  28 173 178 174  93  23  23  79 179 176 171  21  21  22
  30  26  27 177 178 178  80  24  24  80 172 171 167  22  20  22
  29  26  27  64  59  57  35  25  25  81 168 169 162  21  21  20
  27  25  24  24  24  22  21  22  22  74 167 168 165  20  20  17
  26  26  24  23  21  21  21  22  22  78 169 166 158  19  21  17
  27  26  24  23  21  21  22  21  22  57 111 104 101  18  20  15
  26  25  24  24  22  22  21  21  21  22  20  18  19  20  19  17
  26  24  22  21  22  22  22  22  21  19  20  20  19  18  20  17
  22  20  17  17  16  15  15  16  18  14  12  14  15  14  15  12
  21  22  19  17  17  17  18  17  14  16  15  14  15  15  15  15
  28  26  25  23  24  24  25  23  21  23  22  22  21  23  23  22
  26  24  25  84  88  91  92  78  87  86  89  90  79  23  24  19
  26  23  24 146 158 160 161 163 162 163 162 158 146  24  23  19
  24  24  24 149 160 159 159 159 159 159 158 157 152  21  21  17
  26  24  26 146 159 159 159 162 160 159 156 156 155  20  19  20
  23  25  25 149 159 156  92  14  15  62 156 156 160  21  20  19
  28  23  24 157 156 152  84  20  20  74 158 155 154  19  20  18
  24  23  24 162 160 156  73  20  20  76 152 151 149  18  19  20
  24  23  23  59  56  52  32  21  20  77 149 147 144  18  21  20
  24  22  20  20  19  16  17  18  17  67 147 146 145  17  17  15
  23  22  20  20  17  17  17  18  18  75 146 144 144  17  16  14
  23  23  21  20  17  17  18  17  18  54 101  97  94  15  16  14
  21  21  21  20  18  18  17  17  17  18  17  14  14  16  15  12
  20  21  19  18  18  18  18  18  17  16  16  17  17  14  15  14
  17  19  15  14  13  12  12  12  13  12  14  13  12  11  10   8

  21  25  25  24  21  22  19  22  23  20  22  23  21  20  23  16
  21  25  24  23  22  25  25  24  22  22  22  21  20  19  18  14
  22  30  31  29  27  29  33  33  27  27  26  26  26  22  20  16
  22  27  92 178 181 186 190 184 184 177 182 169 106  20  14  14
  20  29 106 198 198 199 199 198 192 189 188 182 110  22  23  17
  23  29 106 200 201 199 194 194 189 191 189 187 119  29  27  16
  22  32 108 200 198 187  74  86  92  90  77  88  65  29  29  20
  23  32 106 198 199 184  24  32  29  25  26  28  29  29  29  24
  26  31  98 202 200 187  23  31  28  28  29  28  25  25  27  20
  25  35 113 200 200 196 112 109  85  43  26  25  27  27  26  19
  23  31 111 203 198 199 199 199 197  61  25  25  28  30  27  19
  24  31 110 202 201 200 201 199 197  64  25  25  26  27  26  20
  23  31 100 177 181 176 179 188 185  67  27  30  29  27  25  20
  29  36  37  36  34  39  32  32  34  30  27  28  30  30  30  23
  32  37  33  36  37  31  32  32  32  32  32  32  31  28  30  26
  32  41  37  42  39  40  39  41  38  43  36  34  37  39  38  37
  16  22  19  23  19  22  21  22  22  20  17  17  15  17  17  12
  18  24  24  23  22  24  23  21  20  21  20  21  20  19  20  15
  18  27  27  25  24  24  25  21  22  21  20  19  18  20  18  14
  18  25  86 164 168 171 176 171 167 162 165 158 101  19  19  15
  17  26  99 179 178 176 177 176 171 169 168 166 104  18  20  14
  18  26  99 182 179 178 178 179 172 168 167 169 111  20  20  12
  19  27  96 183 180 174  68  79  80  81  74  78  57  22  19  14
  17  24  96 183 181 171  17  23  24  25  22  22  22  21  21  18
  18  27  88 185 181 175  17  23  24  25  22  22  21  21  22  16
  20  28 100 183 182 177 101  93  80  35  21  21  22  21  22  15
  20  26 103 182 181 178 179 174 178  57  22  21  21  22  22  15
  20  28  99 181 182 180 181 178 178  59  24  21  21  22  22  16
  20  27  90 160 161 160 162 173 177  64  24  23  23  24  21  17
  22  28  28  27  28  29  29  28  27  27  24  24  24  24  22  17
  24  29  28  26  27  27  29  27  26  26  25  26  26  25  24  20
  23  31  28  30  29  28  28  30  30  29  27  26  27  26  26  22
  15  22  19  19  17  20  19  18  20  20  15  14  14  12  14   8
  15  23  24  23  21  19  20  20  19  21  17  16  16  15  15  10
  15  23  23  24  21  20  21  19  18  18  17  17  15  16  14  11
  15  21  79 146 152 155 160 154 149 144 145 144  94  14  17  12
  14  22  90 158 157 156 156 155 151 147 146 144  97  14  17  13
  15  22  89 162 158 156 156 158 152 149 147 146 101  17  16  14
  16  23  86 163 159 159  62  74  76  77  67  75  54  18  16  12
  14  21  87 162 159 160  15  20  20  20  17  18  18  17  17  13
  17  23  78 163 159 162  14  20  20  21  18  18  17  17  18  12
  18  25  92 161 159 159  92  84  73  32  17  17  18  17  18  12
  17  24  91 160 159 159 156 152 156  52  16  17  17  18  18  12
  17  24  88 158 160 159 159 156 160  56  19  17  17  18  18  13
  17  23  84 146 149 146 149 157 162  59  20  20  20  20  18  14
  19  25  25  24  24  26  25  24  24  23  20  20  21  21  19  15
  22  26  24  23  24  24  25  23  23  23  22  22  23  21  21  19
  21  28  26  26  24  26  23  28  24  24  24  23  23  21  20  17

  16  14  16  14  17  16  20  24  20  19  19  20  20  23  26  37
  23  18  20  14  23  27  29  29  27  26  27  26  25  30  30  38
  20  19  22  20  22  29  29  29  25  27  30  27  27  30  28  39
  21  20  26 106 110 119  65  29  25  27  28  26  29  30  31  37
  23  21  26 169 182 187  88  28  28  25  25  25  30  28  32  34
  22  22  26 182 188 189  77  26  29  26  25  25  27  27  32  36
  20  22  27 177 189 191  90  25  28  43  61  64  67  30  32  43
  23  22  27 184 192 189  92  29  28  85 197 197 185  34  32  38
  22  24  33 184 198 194  86  32  31 109 199 199 188  32  32  41
  19  25  33 190 199 194  74  24  23 112 199 201 179  32  32  39
  22  25  29 186 199 199 187 184 187 196 199 200 176  39  31  40
  21  22  27 181 198 201 198 199 200 200 198 201 181  34  37  39
  24  23  29 178 198 200 200 198 202 200 203 202 177  36  36  42
  25  24  31  92 106 106 108 106  98 113 111 110 100  37  33  37
  25  25  30  27  29  29  32  32  31  35  31  31  31  36  37  41
  21  21  22  22  20  23  22  23  26  25  23  24  23  29  32  32
  12  15  14  15  14  12  14  18  16  15  15  16  17  17  20  22
  17  20  18  19  20  20  19  21  22  22  22  22  21  22  24  26
  17  19  20  19  18  20  22  21  21  21  22  22  24  24  25  26
  15  20  18 101 104 111  57  22  21  22  21  21  23  24  26  27
  17  21  19 158 166 169  78  22  22  21  21  21  23  24  26  26
  17  20  20 165 168 167  74  22  22  21  22  24  24  24  25  27
  20  21  21 162 169 168  81  25  25  35  57  59  64  27  26  29
  22  20  22 167 171 172  80  24  24  80 178 178 177  27  26  30
  22  21  21 171 176 179  79  23  23  93 174 178 173  28  27  30
  21  23  25 176 177 178  68  17  17 101 179 181 162  29  29  28
  22  24  24 171 176 178 174 171 175 177 178 180 160  29  27  28
  19  22  24 168 178 179 180 181 181 182 181 182 161  28  27  29
  23  23  25 164 179 182 183 183 185 183 182 181 160  27  26  30
  19  24  27  86  99  99  96  96  88 100 103  99  90  28  28  28
  22  24  27  25  26  26  27  24  27  28  26  28  27  28  29  31
  16  18  18  18  17  18  19  17  18  20  20  20  20  22  24  23
   8  10  11  12  13  14  12  13  12  12  12  13  14  15  19  17
  14  15  14  17  17  16  16  17  18  18  18  18  18  19  21  20
  12  15  16  14  14  17  18  17  17  17  18  18  20  21  21  21
  14  16  15  94  97 101  54  18  17  18  17  17  20  21  23  23
  14  16  17 144 144 146  75  18  18  17  17  17  20  20  22  23
  15  17  17 145 146 147  67  17  18  17  16  19  20  20  22  24
  20  21  18 144 147 149  77  20  21  32  52  56  59  23  23  24
  20  19  18 149 151 152  76  20  20  73 156 160 162  24  23  24
  18  20  19 154 155 158  74  20  20  84 152 156 157  24  23  28
  19  20  21 160 156 156  62  15  14  92 156 159 149  25  25  23
  20  19  20 155 156 156 159 160 162 159 159 159 146  26  24  26
  17  21  21 152 157 158 159 159 159 159 159 160 149  24  24  24
  19  23  24 146 158 162 163 162 163 161 160 158 146  24  23  26
  19  24  23  79  90  89  86  87  78  92  91  88  84  25  24  26
  22  23  23  21  22  22  23  21  23  25  24  24  23  25  26  28
  15  15  15  15  14  15  16  14  17  18  17  17  17  19  22  21

