  31  48  45  50  43  43  49  50  54  59  50  50  55  50  51  43
  29  42  42  38  41  41  38  37  40  47  45  43  44  44  49  44
  27  40  43  41  38  41  36  46  44  49  46  48  49  46  50  34
  29  39  39  39  38  39  39  42  38 115 199 206 172  43  47  37
  33  39  36  36  36  39  41  43  45 118 221 226 200  38  43  35
  30  46  42  36  36  36  44  43  46 124 222 224 198  38  42  31
  24  38  35  32  33  31 118 158 163 185 221 223 195  35  45  34
  30  37  37  37  37  34 157 214 218 219 224 225 194  35  40  29
  23  36  38  40  39  33 154 213 218 218 221 223 191  38  41  30
  27  37  35 129 133 115 173 214 217 219 220 222 198  35  37  26
  26  34  29 203 216 214 215 214 215 217 218 220 194  32  36  25
  21  34  29 201 212 213 212 212 216 215 216 215 188  29  40  30
  31  38  28 169 168 192 187 188 191 190 186 192 172  31  36  30
  28  36  35  41  39  42  40  40  40  47  47  42  40  35  33  29
  28  34  31  37  37  34  34  34  35  37  39  38  36  30  30  21
  25  33  33  38  36  35  37  36  34  31  36  41  34  34  33  21
  24  42  38  40  39  38  45  44  42  46  43  41  48  45  44  33
  26  39  37  38  38  38  40  40  41  42  41  41  43  43  43  33
  23  37  37  35  35  38  37  38  38  40  43  43  44  43  40  28
  26  36  35  35  34  36  38  38  39 110 186 190 161  29  40  29
  23  35  35  33  33  36  38  38  38 115 205 207 192  32  39  30
  23  36  36  33  33  33  37  38  42 114 205 206 187  32  39  28
  23  35  34  33  33  29 115 144 146 170 204 205 182  28  36  26
  24  34  35  35  35  32 152 199 200 202 204 204 180  27  36  25
  20  34  36  35  36  33 148 198 200 201 203 204 176  27  37  27
  22  34  30 120 122 108 161 198 200 201 202 204 185  27  35  23
  24  35  22 194 198 197 198 198 199 201 201 202 181  26  33  22
  23  35  23 190 195 197 196 196 197 197 199 199 178  26  32  24
  22  35  25 162 159 180 178 178 174 180 175 179 164  28  32  22
  23  34  33  37  35  33  37  38  37  39  40  39  38  31  30  22
  23  35  32  33  31  32  33  33  33  33  35  35  33  29  29  19
  23  35  33  34  31  32  33  32  31  30  34  34  35  33  32  22
  18  36  30  31  35  34  35  39  39  40  41  42  39  40  40  26
  21  34  33  33  33  33  35  35  36  38  37  37  39  38  39  29
  20  33  33  31  31  33  32  35  35  37  40  39  38  37  37  25
  22  32  31  31  30  32  33  35  35 108 176 176 150  27  36  26
  18  31  30  29  29  32  34  34  34 111 184 186 173  29  34  27
  21  33  32  29  29  29  33  34  34 109 185 185 171  26  34  25
  20  30  30  28  28  25 109 137 135 157 184 184 167  24  33  23
  19  30  30  30  31  27 140 179 178 179 182 182 166  23  31  22
  18  30  31  32  32  30 139 179 179 180 181 182 163  23  33  24
  18  30  26 115 117 105 149 178 180 181 182 183 168  28  31  20
  16  31  20 183 177 176 177 178 179 180 181 182 165  19  30  18
  19  31  20 179 177 177 176 175 177 177 179 179 162  21  36  21
  18  31  21 152 147 165 166 163 158 168 161 161 152  24  28  19
  18  30  29  33  31  32  36  35  32  36  36  33  33  27  27  20
  20  30  29  29  27  29  31  29  29  29  31  31  29  29  30  18
  17  33  32  32  29  28  32  30  32  28  30  31  30  32  31  22

  43  44  34  37  35  31  34  29  30  26  25  30  30  29  21  21
  51  49  50  47  43  42  45  40  41  37  36  40  36  33  30  33
  50  44  46  43  38  38  35  35  38  35  32  29  31  35  30  34
  55  44  49 172 200 198 195 194 191 198 194 188 172  40  36  34
  50  43  48 206 226 224 223 225 223 222 220 215 192  42  38  41
  50  45  46 199 221 222 221 224 221 220 218 216 186  47  39  36
  59  47  49 115 118 124 185 219 218 219 217 215 190  47  37  31
  54  40  44  38  45  46 163 218 218 217 215 216 191  40  35  34
  50  37  46  42  43  43 158 214 213 214 214 212 188  40  34  36
  49  38  36  39  41  44 118 157 154 173 215 212 187  40  34  37
  43  41  41  39  39  36  31  34  33 115 214 213 192  42  34  35
  43  41  38  38  36  36  33  37  39 133 216 212 168  39  37  36
  50  38  41  39  36  36  32  37  40 129 203 201 169  41  37  38
  45  42  43  39  36  42  35  37  38  35  29  29  28  35  31  33
  48  42  40  39  39  46  38  37  36  37  34  34  38  36  34  33
  31  29  27  29  33  30  24  30  23  27  26  21  31  28  28  25
  33  33  28  29  30  28  26  25  27  23  22  24  22  22  19  22
  44  43  40  40  39  39  36  36  37  35  33  32  32  30  29  32
  45  43  43  29  32  32  28  27  27  27  26  26  28  31  29  33
  48  43  44 161 192 187 182 180 176 185 181 178 164  38  33  35
  41  41  43 190 207 206 205 204 204 204 202 199 179  39  35  34
  43  41  43 186 205 205 204 204 203 202 201 199 175  40  35  34
  46  42  40 110 115 114 170 202 201 201 201 197 180  39  33  30
  42  41  38  39  38  42 146 200 200 200 199 197 174  37  33  31
  44  40  38  38  38  38 144 199 198 198 198 196 178  38  33  32
  45  40  37  38  38  37 115 152 148 161 198 196 178  37  33  33
  38  38  38  36  36  33  29  32  33 108 197 197 180  33  32  32
  39  38  35  34  33  33  33  35  36 122 198 195 159  35  31  31
  40  38  35  35  33  33  33  35  35 120 194 190 162  37  33  34
  38  37  37  35  35  36  34  35  36  30  22  23  25  33  32  33
  42  39  37  36  35  36  35  34  34  34  35  35  35  34  35  35
  24  26  23  26  23  23  23  24  20  22  24  23  22  23  23  23
  26  29  25  26  27  25  23  22  24  20  18  21  19  20  18  22
  40  39  37  36  34  34  33  31  33  31  30  36  28  27  30  31
  40  38  37  27  29  26  24  23  23  28  19  21  24  27  29  32
  39  39  38 150 173 171 167 166 163 168 165 162 152  33  29  30
  42  37  39 176 186 185 184 182 182 183 182 179 161  33  31  31
  41  37  40 176 184 185 184 182 181 182 181 179 161  36  31  30
  40  38  37 108 111 109 157 179 180 181 180 177 168  36  29  28
  39  36  35  35  34  34 135 178 179 180 179 177 158  32  29  32
  39  35  35  35  34  34 137 179 179 178 178 175 163  35  29  30
  35  35  32  33  34  33 109 140 139 149 177 176 166  36  31  32
  34  33  33  32  32  29  25  27  30 105 176 177 165  32  29  28
  35  33  31  30  29  29  28  31  32 117 177 177 147  31  27  29
  31  33  31  31  29  29  28  30  32 115 183 179 152  33  29  32
  30  33  33  31  30  32  30  30  31  26  20  20  21  29  29  32
  36  34  33  32  31  33  30  30  30  30  31  31  31  30  30  33
  18  21  20  22  18  21  20  19  18  18  16  19  18  18  20  17

  21  33  34  34  41  36  31  34  36  37  35  36  38  33  33  25
  21  30  30  36  38  39  37  35  34  34  34  37  37  31  34  28
  29  33  35  40  42  47  47  40  40  40  42  39  41  35  36  28
  30  36  31 172 192 186 190 191 188 187 192 168 169  28  38  31
  30  40  29 188 215 216 215 216 212 212 213 212 201  29  34  21
  25  36  32 194 220 218 217 215 214 215 214 216 203  29  34  26
  26  37  35 198 222 220 219 217 214 173 115 133 129  35  37  27
  30  41  38 191 223 221 218 218 213 154  33  39  40  38  36  23
  29  40  35 194 225 224 219 218 214 157  34  37  37  37  37  30
  34  45  35 195 223 221 185 163 158 118  31  33  32  35  38  24
  31  42  38 198 224 222 124  46  43  44  36  36  36  42  46  30
  35  43  38 200 226 221 118  45  43  41  39  36  36  36  39  33
  37  47  43 172 206 199 115  38  42  39  39  38  39  39  39  29
  34  50  46  49  48  46  49  44  46  36  41  38  41  43  40  27
  44  49  44  44  43  45  47  40  37  38  41  41  38  42  42  29
  43  51  50  55  50  50  59  54  50  49  43  43  50  45  48  31
  22  32  33  35  34  34  30  31  32  33  32  31  34  33  35  23
  19  29  29  33  35  35  33  33  33  33  32  31  33  32  35  23
  22  30  31  38  39  40  39  37  38  37  33  35  37  33  34  23
  22  32  28 164 179 175 180 174 178 178 180 159 162  25  35  22
  24  32  26 178 199 199 197 197 196 196 197 195 190  23  35  23
  22  33  26 181 202 201 201 199 198 198 197 198 194  22  35  24
  23  35  27 185 204 202 201 200 198 161 108 122 120  30  34  22
  27  37  27 176 204 203 201 200 198 148  33  36  35  36  34  20
  25  36  27 180 204 204 202 200 199 152  32  35  35  35  34  24
  26  36  28 182 205 204 170 146 144 115  29  33  33  34  35  23
  28  39  32 187 206 205 114  42  38  37  33  33  33  36  36  23
  30  39  32 192 207 205 115  38  38  38  36  33  33  35  35  23
  29  40  29 161 190 186 110  39  38  38  36  34  35  35  36  26
  28  40  43  44  43  43  40  38  38  37  38  35  35  37  37  23
  33  43  43  43  41  41  42  41  40  40  38  38  38  37  39  26
  33  44  45  48  41  43  46  42  44  45  38  39  40  38  42  24
  22  31  32  30  31  30  28  32  30  32  28  29  32  32  33  17
  18  30  29  29  31  31  29  29  29  31  29  27  29  29  30  20
  20  27  27  33  33  36  36  32  35  36  32  31  33  29  30  18
  19  28  24 152 161 161 168 158 163 166 165 147 152  21  31  18
  21  36  21 162 179 179 177 177 175 176 177 177 179  20  31  19
  18  30  19 165 182 181 180 179 178 177 176 177 183  20  31  16
  20  31  28 168 183 182 181 180 178 149 105 117 115  26  30  18
  24  33  23 163 182 181 180 179 179 139  30  32  32  31  30  18
  22  31  23 166 182 182 179 178 179 140  27  31  30  30  30  19
  23  33  24 167 184 184 157 135 137 109  25  28  28  30  30  20
  25  34  26 171 185 185 109  34  34  33  29  29  29  32  33  21
  27  34  29 173 186 184 111  34  34  34  32  29  29  30  31  18
  26  36  27 150 176 176 108  35  35  33  32  30  31  31  32  22
  25  37  37  38  39  40  37  35  35  32  33  31  31  33  33  20
  29  39  38  39  37  37  38  36  35  35  33  33  33  33  34  21
  26  40  40  39  42  41  40  39  39  35  34  35  31  30  36  18

  25  28  28  31  21  26  27  23  30  24  30  33  29  27  29  31
  33  34  36  38  34  34  37  36  37  38  46  39  39  40  42  48
  33  31  35  28  29  29  35  38  37  35  42  36  39  43  42  45
  38  37  41 169 201 203 129  40  37  32  36  36  39  41  38  50
  36  37  39 168 212 216 133  39  37  33  36  36  38  38  41  43
  35  34  42 192 213 214 115  33  34  31  36  39  39  41  41  43
  37  34  40 187 212 215 173 154 157 118  44  41  39  36  38  49
  36  34  40 188 212 214 214 213 214 158  43  43  42  46  37  50
  34  35  40 191 216 215 217 218 218 163  46  45  38  44  40  54
  31  37  47 190 215 217 219 218 219 185 124 118 115  49  47  59
  36  39  47 186 216 218 220 221 224 221 222 221 199  46  45  50
  41  38  42 192 215 220 222 223 225 223 224 226 206  48  43  50
  34  36  40 172 188 194 198 191 194 195 198 200 172  49  44  55
  34  30  35  31  29  32  35  38  35  35  38  38  43  46  44  50
  33  30  33  36  40  36  37  41  40  45  42  43  47  50  49  51
  21  21  29  30  30  25  26  30  29  34  31  35  37  34  44  43
  23  23  23  22  23  24  22  20  24  23  23  23  26  23  26  24
  35  35  34  35  35  35  34  34  34  35  36  35  36  37  39  42
  33  32  33  25  23  22  30  36  35  34  36  35  35  37  37  38
  34  33  37 162 190 194 120  35  35  33  33  33  35  35  38  40
  31  31  35 159 195 198 122  36  35  33  33  33  34  35  38  39
  32  32  33 180 197 197 108  33  32  29  33  36  36  38  38  38
  33  33  37 178 196 198 161 148 152 115  37  38  38  37  40  45
  32  33  38 178 196 198 198 198 199 144  38  38  38  38  40  44
  31  33  37 174 197 199 200 200 200 146  42  38  39  38  41  42
  30  33  39 180 197 201 201 201 202 170 114 115 110  40  42  46
  34  35  40 175 199 201 202 203 204 204 205 205 186  43  41  43
  34  35  39 179 199 202 204 204 204 205 206 207 190  43  41  41
  35  33  38 164 178 181 185 176 180 182 187 192 161  44  43  48
  33  29  31  28  26  26  27  27  27  28  32  32  29  43  43  45
  32  29  30  32  32  33  35  37  36  36  39  39  40  40  43  44
  22  19  22  22  24  22  23  27  25  26  28  30  29  28  33  33
  17  20  18  18  19  16  18  18  19  20  21  18  22  20  21  18
  33  30  30  31  31  31  30  30  30  30  33  31  32  33  34  36
  32  29  29  21  20  20  26  31  30  30  32  30  31  33  33  30
  32  29  33 152 179 183 115  32  30  28  29  29  31  31  33  31
  29  27  31 147 177 177 117  32  31  28  29  29  30  31  33  35
  28  29  32 165 177 176 105  30  27  25  29  32  32  33  33  34
  32  31  36 166 176 177 149 139 140 109  33  34  33  32  35  35
  30  29  35 163 175 178 178 179 179 137  34  34  35  35  35  39
  32  29  32 158 177 179 180 179 178 135  34  34  35  35  36  39
  28  29  36 168 177 180 181 180 179 157 109 111 108  37  38  40
  30  31  36 161 179 181 182 181 182 184 185 184 176  40  37  41
  31  31  33 161 179 182 183 182 182 184 185 186 176  39  37  42
  30  29  33 152 162 165 168 163 166 167 171 173 150  38  39  39
  32  29  27  24  21  19  28  23  23  24  26  29  27  37  38  40
  31  30  27  28  36  30  31  33  31  33  34  34  36  37  39  40
  22  18  20  19  21  18  20  24  22  23  25  27  26  25  29  26

