  24  37  35  30  30  39  29  36  37  35  39  31  31  28  32  29
  21  30  28  28  31  28  29  31  33  25  33  31  30  27  28  18
  23  28  28  28  24  21  25  27  28  30  34  33  34  29  27  21
  23  29  27  27  28  27  28  27  29  65 177 188 189  27  30  22
  21  29  30  28  28  30  30  32  31  64 204 205 212  25  28  17
  20  29  28  27  26  26  30  29  31  57 200 204 206  25  25  21
  17  30  27  91 123 118 120 123 125 133 196 202 206  26  25  20
  16  25  28 132 196 196 197 193 195 193 197 200 203  28  29  16
  16  20  22 123 190 196 197 192 192 193 197 196 204  25  28  15
  13  20  25 129 188 194 194 188 190 190 195 198 199  23  31  19
  16  20  19 114 183 191 192 193 198 194 195 194 203  23  29  17
  11  17  20 127 180 190 191 189 193 195 195 197 195  21  29  19
  10  17  15 114 174 183 192 193 195 194 187 187 181  26  27  21
  12  17  19  23  22  31  35  33  29  26  26  33  32  26  24  16
  15  16  18  18  19  19  20  20  21  22  22  22  27  28  25  14
  38  30  19  18  21  22  25  19  22  25  23  25  25  26  35  34
  13  22  24  23  23  26  20  26  25  23  25  24  22  22  22  20
  16  26  24  25  25  26  26  25  26  26  26  25  26  23  23  16
  15  24  25  24  23  24  24  24  25  27  27  27  26  24  23  16
  15  23  24  25  24  23  23  23  23  58 168 171 172  16  26  17
  15  24  23  24  24  24  24  23  26  57 187 185 196  16  25  15
  14  22  24  24  24  24  25  26  27  51 186 183 189  18  26  17
  12  22  22  80 109 105 105 107 110 122 180 178 191  16  25  16
  11  20  21 125 171 172 176 170 170 172 176 175 185  21  26  15
  12  19  21 113 168 169 171 170 171 171 176 177 184  19  25  16
  12  20  21 121 168 169 171 170 171 172 176 176 179  17  24  17
  12  18  19 108 165 167 169 170 173 176 177 176 186  20  24  14
   9  18  20 119 163 165 168 171 172 176 177 173 181  16  27  16
   9  17  16 108 162 165 173 177 177 180 172 171 165  19  23  16
   9  17  17  17  18  20  28  26  24  23  22  22  23  22  23  14
  10  16  18  18  18  19  20  20  21  22  22  22  23  26  25  14
  32  27  16  15  17  17  21  22  23  24  24  23  23  25  27  28
  11  20  22  19  19  23  17  23  21  20  22  20  19  19  22  17
  13  22  21  24  23  21  22  21  23  22  23  22  24  23  24  15
  12  20  21  21  18  18  20  20  21  23  24  24  24  22  24  16
  12  19  20  21  21  19  19  22  22  55 160 156 158  15  23  14
  12  20  20  21  21  21  21  22  22  53 173 164 179  13  23  12
  11  18  20  21  23  22  21  22  23  47 170 163 173  15  22  14
   9  18  18  76 104 100  99  99 101 111 162 159 177  13  21  16
  11  19  24 118 153 153 157 151 151 153 156 156 169  15  22  14
  10  19  20 107 148 151 152 149 151 152 157 157 170  14  21  12
   8  16  17 114 147 150 152 150 151 152 156 157 163  14  22  13
   9  15  18  99 145 148 150 151 155 156 157 156 169  13  22  11
   8  17  17 111 143 147 149 151 153 156 157 154 162  11  25  13
   9  17  17 102 147 152 154 161 163 164 155 158 159  18  22  16
   8  17  18  15  15  17  25  24  21  21  21  23  24  23  23  13
  11  16  18  18  17  19  20  20  21  22  22  22  24  26  25  13
  31  26  17  14  14  18  20  20  21  24  24  23  23  25  26  25

  29  18  21  22  17  21  20  16  15  19  17  19  21  16  14  34
  32  28  27  30  28  25  25  29  28  31  29  29  27  24  25  35
  28  27  29  27  25  25  26  28  25  23  23  21  26  26  28  26
  31  30  34 189 212 206 206 203 204 199 203 195 181  32  27  25
  31  31  33 188 205 204 202 200 196 198 194 197 187  33  22  25
  39  33  34 177 204 200 196 197 197 195 195 195 187  26  22  23
  35  25  30  65  64  57 133 193 193 190 194 195 194  26  22  25
  37  33  28  29  31  31 125 195 192 190 198 193 195  29  21  22
  36  31  27  27  32  29 123 193 192 188 193 189 193  33  20  19
  29  29  25  28  30  30 120 197 197 194 192 191 192  35  20  25
  39  28  21  27  30  26 118 196 196 194 191 190 183  31  19  22
  30  31  24  28  28  26 123 196 190 188 183 180 174  22  19  21
  30  28  28  27  28  27  91 132 123 129 114 127 114  23  18  18
  35  28  28  27  30  28  27  28  22  25  19  20  15  19  18  19
  37  30  28  29  29  29  30  25  20  20  20  17  17  17  16  30
  24  21  23  23  21  20  17  16  16  13  16  11  10  12  15  38
  20  16  16  17  15  17  16  15  16  17  14  16  16  14  14  28
  22  23  23  26  25  26  25  26  25  24  24  27  23  23  25  27
  22  23  24  16  16  18  16  21  19  17  20  16  19  22  26  25
  22  26  26 172 196 189 191 185 184 179 186 181 165  23  23  23
  24  25  27 171 185 183 178 175 177 176 176 173 171  22  22  23
  25  26  27 168 187 186 180 176 176 176 177 177 172  22  22  24
  23  26  27  58  57  51 122 172 171 172 176 176 180  23  22  24
  25  26  25  23  26  27 110 170 171 171 173 172 177  24  21  23
  26  25  24  23  23  26 107 170 170 170 170 171 177  26  20  22
  20  26  24  23  24  25 105 176 171 171 169 168 173  28  20  21
  26  26  24  23  24  24 105 172 169 169 167 165 165  20  19  17
  23  25  23  24  24  24 109 171 168 168 165 163 162  18  18  17
  23  25  24  25  24  24  80 125 113 121 108 119 108  17  18  15
  24  24  25  24  23  24  22  21  21  21  19  20  16  17  18  16
  22  26  24  23  24  22  22  20  19  20  18  18  17  17  16  27
  13  16  15  15  15  14  12  11  12  12  12   9   9   9  10  32
  17  15  16  14  12  14  16  14  12  13  11  13  16  13  13  25
  22  24  24  23  23  22  21  22  21  22  22  25  22  23  25  26
  19  23  22  15  13  15  13  15  14  14  13  11  18  23  26  25
  19  24  24 158 179 173 177 169 170 163 169 162 159  24  24  23
  20  22  24 156 164 163 159 156 157 157 156 154 158  23  22  23
  22  23  24 160 173 170 162 156 157 156 157 157 155  21  22  24
  20  22  23  55  53  47 111 153 152 152 156 156 164  21  22  24
  21  23  21  22  22  23 101 151 151 151 155 153 163  21  21  21
  23  21  20  22  22  22  99 151 149 150 151 151 161  24  20  20
  17  22  20  19  21  21  99 157 152 152 150 149 154  25  20  20
  23  21  18  19  21  22 100 153 151 150 148 147 152  17  19  18
  19  23  18  21  21  23 104 153 148 147 145 143 147  15  17  14
  19  24  21  21  21  21  76 118 107 114  99 111 102  15  18  14
  22  21  21  20  20  20  18  24  20  17  18  17  17  18  18  17
  20  22  20  19  20  18  18  19  19  16  15  17  17  17  16  26
  11  13  12  12  12  11   9  11  10   8   9   8   9   8  11  31

  34  35  26  25  25  23  25  22  19  25  22  21  18  19  30  38
  14  25  28  27  22  22  22  21  20  20  19  19  18  18  16  15
  16  24  26  32  33  26  26  29  33  35  31  22  23  19  17  12
  21  27  26 181 187 187 194 195 193 192 183 174 114  15  17  10
  19  29  21 195 197 195 195 193 189 191 190 180 127  20  17  11
  17  29  23 203 194 195 194 198 193 192 191 183 114  19  20  16
  19  31  23 199 198 195 190 190 188 194 194 188 129  25  20  13
  15  28  25 204 196 197 193 192 192 197 196 190 123  22  20  16
  16  29  28 203 200 197 193 195 193 197 196 196 132  28  25  16
  20  25  26 206 202 196 133 125 123 120 118 123  91  27  30  17
  21  25  25 206 204 200  57  31  29  30  26  26  27  28  29  20
  17  28  25 212 205 204  64  31  32  30  30  28  28  30  29  21
  22  30  27 189 188 177  65  29  27  28  27  28  27  27  29  23
  21  27  29  34  33  34  30  28  27  25  21  24  28  28  28  23
  18  28  27  30  31  33  25  33  31  29  28  31  28  28  30  21
  29  32  28  31  31  39  35  37  36  29  39  30  30  35  37  24
  28  27  25  23  23  24  24  23  22  21  17  17  15  16  27  32
  14  25  26  23  22  22  22  21  20  20  19  18  18  18  16  10
  14  23  22  23  22  22  23  24  26  28  20  18  17  17  17   9
  16  23  19 165 171 172 180 177 177 173 165 162 108  16  17   9
  16  27  16 181 173 177 176 172 171 168 165 163 119  20  18   9
  14  24  20 186 176 177 176 173 170 169 167 165 108  19  18  12
  17  24  17 179 176 176 172 171 170 171 169 168 121  21  20  12
  16  25  19 184 177 176 171 171 170 171 169 168 113  21  19  12
  15  26  21 185 175 176 172 170 170 176 172 171 125  21  20  11
  16  25  16 191 178 180 122 110 107 105 105 109  80  22  22  12
  17  26  18 189 183 186  51  27  26  25  24  24  24  24  22  14
  15  25  16 196 185 187  57  26  23  24  24  24  24  23  24  15
  17  26  16 172 171 168  58  23  23  23  23  24  25  24  23  15
  16  23  24  26  27  27  27  25  24  24  24  23  24  25  24  15
  16  23  23  26  25  26  26  26  25  26  26  25  25  24  26  16
  20  22  22  22  24  25  23  25  26  20  26  23  23  24  22  13
  25  26  25  23  23  24  24  21  20  20  18  14  14  17  26  31
  13  25  26  24  22  22  22  21  20  20  19  17  18  18  16  11
  13  23  23  24  23  21  21  21  24  25  17  15  15  18  17   8
  16  22  18 159 158 155 164 163 161 154 152 147 102  17  17   9
  13  25  11 162 154 157 156 153 151 149 147 143 111  17  17   8
  11  22  13 169 156 157 156 155 151 150 148 145  99  18  15   9
  13  22  14 163 157 156 152 151 150 152 150 147 114  17  16   8
  12  21  14 170 157 157 152 151 149 152 151 148 107  20  19  10
  14  22  15 169 156 156 153 151 151 157 153 153 118  24  19  11
  16  21  13 177 159 162 111 101  99  99 100 104  76  18  18   9
  14  22  15 173 163 170  47  23  22  21  22  23  21  20  18  11
  12  23  13 179 164 173  53  22  22  21  21  21  21  20  20  12
  14  23  15 158 156 160  55  22  22  19  19  21  21  20  19  12
  16  24  22  24  24  24  23  21  20  20  18  18  21  21  20  12
  15  24  23  24  22  23  22  23  21  22  21  23  24  21  22  13
  17  22  19  19  20  22  20  21  23  17  23  19  19  22  20  11

  38  15  12  10  11  16  13  16  16  17  20  21  23  23  21  24
  30  16  17  17  17  20  20  20  25  30  29  29  29  28  30  37
  19  18  19  15  20  19  25  22  28  27  28  30  27  28  28  35
  18  18  23 114 127 114 129 123 132  91  27  28  27  28  28  30
  21  19  22 174 180 183 188 190 196 123  26  28  28  24  31  30
  22  19  31 183 190 191 194 196 196 118  26  30  27  21  28  39
  25  20  35 192 191 192 194 197 197 120  30  30  28  25  29  29
  19  20  33 193 189 193 188 192 193 123  29  32  27  27  31  36
  22  21  29 195 193 198 190 192 195 125  31  31  29  28  33  37
  25  22  26 194 195 194 190 193 193 133  57  64  65  30  25  35
  23  22  26 187 195 195 195 197 197 196 200 204 177  34  33  39
  25  22  33 187 197 194 198 196 200 202 204 205 188  33  31  31
  25  27  32 181 195 203 199 204 203 206 206 212 189  34  30  31
  26  28  26  26  21  23  23  25  28  26  25  25  27  29  27  28
  35  25  24  27  29  29  31  28  29  25  25  28  30  27  28  32
  34  14  16  21  19  17  19  15  16  20  21  17  22  21  18  29
  32  10   9   9   9  12  12  12  11  12  14  15  15  15  16  13
  27  16  17  17  18  18  20  19  20  22  22  24  23  24  26  22
  16  18  17  16  20  19  21  21  21  22  24  23  24  25  24  24
  15  18  17 108 119 108 121 113 125  80  24  24  25  24  25  23
  17  18  18 162 163 165 168 168 171 109  24  24  24  23  25  23
  17  19  20 165 165 167 169 169 172 105  24  24  23  24  26  26
  21  20  28 173 168 169 171 171 176 105  25  24  23  24  26  20
  22  20  26 177 171 170 170 170 170 107  26  23  23  24  25  26
  23  21  24 177 172 173 171 171 170 110  27  26  23  25  26  25
  24  22  23 180 176 176 172 171 172 122  51  57  58  27  26  23
  24  22  22 172 177 177 176 176 176 180 186 187 168  27  26  25
  23  22  22 171 173 176 176 177 175 178 183 185 171  27  25  24
  23  23  23 165 181 186 179 184 185 191 189 196 172  26  26  22
  25  26  22  19  16  20  17  19  21  16  18  16  16  24  23  22
  27  25  23  23  27  24  24  25  26  25  26  25  26  23  23  22
  28  14  14  16  16  14  17  16  15  16  17  15  17  16  16  20
  31  11   8   9   8   9   8  10  11   9  11  12  12  12  13  11
  26  16  17  17  17  15  16  19  19  18  18  20  19  20  22  20
  17  18  18  17  17  18  17  20  24  18  20  20  20  21  21  22
  14  18  15 102 111  99 114 107 118  76  21  21  21  21  24  19
  14  17  15 147 143 145 147 148 153 104  23  21  21  18  23  19
  18  19  17 152 147 148 150 151 153 100  22  21  19  18  21  23
  20  20  25 154 149 150 152 152 157  99  21  21  19  20  22  17
  20  20  24 161 151 151 150 149 151  99  22  22  22  20  21  23
  21  21  21 163 153 155 151 151 151 101  23  22  22  21  23  21
  24  22  21 164 156 156 152 152 153 111  47  53  55  23  22  20
  24  22  21 155 157 157 156 157 156 162 170 173 160  24  23  22
  23  22  23 158 154 156 157 157 156 159 163 164 156  24  22  20
  23  24  24 159 162 169 163 170 169 177 173 179 158  24  24  19
  25  26  23  18  11  13  14  14  15  13  15  13  15  22  23  19
  26  25  23  22  25  22  22  21  22  21  22  23  23  24  24  22
  25  13  13  16  13  11  13  12  14  16  14  12  14  16  15  17

