  42  36  37  39  37  50 216 205 202 207 211 216 213 210 206 213
  38  36  37  33  35  58 229 223 227 230 233 235 233 229 229 227
  37  35  35  33  31  50 232 228 224 227 230 233 232 232 229 226
  40  36  38  38  42  56 227 226 227 227 230 232 230 228 226 226
  42  40  44  42  46  55 226 225 226 226 226 231 229 228 227 227
  89 193 196 192 190 194 106 114 111 113 106 226 229 230 228 227
  88 226 231 230 226 222  24  35  38  40  25 229 228 228 226 228
  86 218 226 228 224 219  26  37  39  46  30 231 226 226 224 225
  92 221 223 222 222 227  21  36  39  42  28 231 228 230 228 226
  85 219 221 224 224 229  28  37  42  41  34 230 231 234 225 220
  87 220 225 227 226 228 139 147 148 143 135 213 226 228 227 224
  83 216 221 222 224 223 223 229 228 229 228 226 229 229 224 218
  79 214 219 220 222 220 222 230 228 226 227 227 226 228 225 223
  75 215 218 219 221 220 221 223 223 223 224 224 220 226 223 222
  86 208 216 215 217 217 217 219 219 218 216 216 216 217 217 218
  60 155 152 155 154 151 153 154 152 153 154 156 155 150 152 159
  37  38  38  38  37  50 212 194 194 196 198 196 200 199 197 200
  40  37  38  39  39  55 222 210 210 212 213 215 214 213 210 212
  39  37  39  37  39  49 221 209 210 211 214 216 214 212 209 212
  37  37  39  38  39  48 218 210 210 212 214 216 215 212 211 213
  39  39  39  41  37  49 216 209 209 210 212 213 213 213 211 213
  83 185 181 184 181 185 101 109 105 105 101 218 212 211 210 213
  84 213 212 212 210 211  23  39  41  43  26 223 212 211 210 213
  84 211 210 210 210 212  24  38  39  41  23 222 211 212 210 211
  87 213 208 209 209 220  20  40  41  41  26 224 211 211 210 211
  83 211 206 208 209 220  25  41  42  43  27 223 210 212 210 210
  87 210 207 210 210 216 129 138 140 139 130 205 211 211 210 212
  83 207 205 206 208 209 209 210 209 211 211 209 210 210 208 209
  75 207 204 204 206 206 209 209 208 208 209 210 210 211 208 210
  73 206 203 204 205 205 206 207 207 207 208 209 208 208 207 210
  79 202 200 200 200 201 202 203 202 202 202 201 203 203 203 206
  60 150 145 147 146 147 146 146 148 148 149 150 148 147 147 156
  32  33  33  32  33  46 203 180 182 183 186 183 186 186 187 190
  36  34  35  33  34  52 210 190 192 192 193 193 194 195 192 194
  36  36  33  33  35  47 206 190 192 191 194 197 195 193 192 192
  34  35  34  34  36  48 209 190 191 191 194 197 194 192 191 192
  35  35  34  36  34  45 202 190 189 189 194 195 193 192 191 195
  77 176 173 175 170 176  93 100  98 100  96 207 193 192 191 193
  79 200 191 191 190 194  19  37  38  38  22 214 195 194 192 195
  79 197 191 191 191 198  19  36  37  38  17 212 192 193 192 195
  81 196 190 191 189 204  14  35  36  37  21 215 191 192 191 194
  80 199 189 190 190 203  19  37  36  36  23 211 192 192 191 195
  81 193 186 187 188 202 123 133 131 133 126 194 191 191 192 196
  80 192 185 186 188 191 190 190 190 192 191 190 192 191 192 194
  71 193 185 184 186 188 188 189 189 189 191 191 190 189 187 190
  68 192 183 184 185 185 186 187 187 187 188 188 187 188 187 194
  74 187 180 180 181 181 181 183 183 183 184 186 184 183 184 191
  57 142 135 137 137 138 137 135 138 140 137 138 138 137 136 148

 213 227 226 226 227 227 228 225 226 220 224 218 223 222 218 159
 206 229 229 226 227 228 226 224 228 225 227 224 225 223 217 152
 210 229 232 228 228 230 228 226 230 234 228 229 228 226 217 150
 213 233 232 230 229 229 228 226 228 231 226 229 226 220 216 155
 216 235 233 232 231 226 229 231 231 230 213 226 227 224 216 156
 211 233 230 230 226 106  25  30  28  34 135 228 227 224 216 154
 207 230 227 227 226 113  40  46  42  41 143 229 226 223 218 153
 202 227 224 227 226 111  38  39  39  42 148 228 228 223 219 152
 205 223 228 226 225 114  35  37  36  37 147 229 230 223 219 154
 216 229 232 227 226 106  24  26  21  28 139 223 222 221 217 153
  50  58  50  56  55 194 222 219 227 229 228 223 220 220 217 151
  37  35  31  42  46 190 226 224 222 224 226 224 222 221 217 154
  39  33  33  38  42 192 230 228 222 224 227 222 220 219 215 155
  37  37  35  38  44 196 231 226 223 221 225 221 219 218 216 152
  36  36  35  36  40 193 226 218 221 219 220 216 214 215 208 155
  42  38  37  40  42  89  88  86  92  85  87  83  79  75  86  60
 200 212 212 213 213 213 213 211 211 210 212 209 210 210 206 156
 197 210 209 211 211 210 210 210 210 210 210 208 208 207 203 147
 199 213 212 212 213 211 211 212 211 212 211 210 211 208 203 147
 200 214 214 215 213 212 212 211 211 210 211 210 210 208 203 148
 196 215 216 216 213 218 223 222 224 223 205 209 210 209 201 150
 198 213 214 214 212 101  26  23  26  27 130 211 209 208 202 149
 196 212 211 212 210 105  43  41  41  43 139 211 208 207 202 148
 194 210 210 210 209 105  41  39  41  42 140 209 208 207 202 148
 194 210 209 210 209 109  39  38  40  41 138 210 209 207 203 146
 212 222 221 218 216 101  23  24  20  25 129 209 209 206 202 146
  50  55  49  48  49 185 211 212 220 220 216 209 206 205 201 147
  37  39  39  39  37 181 210 210 209 209 210 208 206 205 200 146
  38  39  37  38  41 184 212 210 209 208 210 206 204 204 200 147
  38  38  39  39  39 181 212 210 208 206 207 205 204 203 200 145
  38  37  37  37  39 185 213 211 213 211 210 207 207 206 202 150
  37  40  39  37  39  83  84  84  87  83  87  83  75  73  79  60
 190 194 192 192 195 193 195 195 194 195 196 194 190 194 191 148
 187 192 192 191 191 191 192 192 191 191 192 192 187 187 184 136
 186 195 193 192 192 192 194 193 192 192 191 191 189 188 183 137
 186 194 195 194 193 193 195 192 191 192 191 192 190 187 184 138
 183 193 197 197 195 207 214 212 215 211 194 190 191 188 186 138
 186 193 194 194 194  96  22  17  21  23 126 191 191 188 184 137
 183 192 191 191 189 100  38  38  37  36 133 192 189 187 183 140
 182 192 192 191 189  98  38  37  36  36 131 190 189 187 183 138
 180 190 190 190 190 100  37  36  35  37 133 190 189 187 183 135
 203 210 206 209 202  93  19  19  14  19 123 190 188 186 181 137
  46  52  47  48  45 176 194 198 204 203 202 191 188 185 181 138
  33  34  35  36  34 170 190 191 189 190 188 188 186 185 181 137
  32  33  33  34  36 175 191 191 191 190 187 186 184 184 180 137
  33  35  33  34  34 173 191 191 190 189 186 185 185 183 180 135
  33  34  36  35  35 176 200 197 196 199 193 192 193 192 187 142
  32  36  36  34  35  77  79  79  81  80  81  80  71  68  74  57

 159 152 150 155 156 154 153 152 154 153 151 154 155 152 155  60
 218 217 217 216 216 216 218 219 219 217 217 217 215 216 208  86
 222 223 226 220 224 224 223 223 223 221 220 221 219 218 215  75
 223 225 228 226 227 227 226 228 230 222 220 222 220 219 214  79
 218 224 229 229 226 228 229 228 229 223 223 224 222 221 216  83
 224 227 228 226 213 135 143 148 147 139 228 226 227 225 220  87
 220 225 234 231 230  34  41  42  37  28 229 224 224 221 219  85
 226 228 230 228 231  28  42  39  36  21 227 222 222 223 221  92
 225 224 226 226 231  30  46  39  37  26 219 224 228 226 218  86
 228 226 228 228 229  25  40  38  35  24 222 226 230 231 226  88
 227 228 230 229 226 106 113 111 114 106 194 190 192 196 193  89
 227 227 228 229 231 226 226 226 225 226  55  46  42  44  40  42
 226 226 228 230 232 230 227 227 226 227  56  42  38  38  36  40
 226 229 232 232 233 230 227 224 228 232  50  31  33  35  35  37
 227 229 229 233 235 233 230 227 223 229  58  35  33  37  36  38
 213 206 210 213 216 211 207 202 205 216  50  37  39  37  36  42
 156 147 147 148 150 149 148 148 146 146 147 146 147 145 150  60
 206 203 203 203 201 202 202 202 203 202 201 200 200 200 202  79
 210 207 208 208 209 208 207 207 207 206 205 205 204 203 206  73
 210 208 211 210 210 209 208 208 209 209 206 206 204 204 207  75
 209 208 210 210 209 211 211 209 210 209 209 208 206 205 207  83
 212 210 211 211 205 130 139 140 138 129 216 210 210 207 210  87
 210 210 212 210 223  27  43  42  41  25 220 209 208 206 211  83
 211 210 211 211 224  26  41  41  40  20 220 209 209 208 213  87
 211 210 212 211 222  23  41  39  38  24 212 210 210 210 211  84
 213 210 211 212 223  26  43  41  39  23 211 210 212 212 213  84
 213 210 211 212 218 101 105 105 109 101 185 181 184 181 185  83
 213 211 213 213 213 212 210 209 209 216  49  37  41  39  39  39
 213 211 212 215 216 214 212 210 210 218  48  39  38  39  37  37
 212 209 212 214 216 214 211 210 209 221  49  39  37  39  37  39
 212 210 213 214 215 213 212 210 210 222  55  39  39  38  37  40
 200 197 199 200 196 198 196 194 194 212  50  37  38  38  38  37
 148 136 137 138 138 137 140 138 135 137 138 137 137 135 142  57
 191 184 183 184 186 184 183 183 183 181 181 181 180 180 187  74
 194 187 188 187 188 188 187 187 187 186 185 185 184 183 192  68
 190 187 189 190 191 191 189 189 189 188 188 186 184 185 193  71
 194 192 191 192 190 191 192 190 190 190 191 188 186 185 192  80
 196 192 191 191 194 126 133 131 133 123 202 188 187 186 193  81
 195 191 192 192 211  23  36  36  37  19 203 190 190 189 199  80
 194 191 192 191 215  21  37  36  35  14 204 189 191 190 196  81
 195 192 193 192 212  17  38  37  36  19 198 191 191 191 197  79
 195 192 194 195 214  22  38  38  37  19 194 190 191 191 200  79
 193 191 192 193 207  96 100  98 100  93 176 170 175 173 176  77
 195 191 192 193 195 194 189 189 190 202  45  34  36  34  35  35
 192 191 192 194 197 194 191 191 190 209  48  36  34  34  35  34
 192 192 193 195 197 194 191 192 190 206  47  35  33  33  36  36
 194 192 195 194 193 193 192 192 190 210  52  34  33  35  34  36
 190 187 186 186 183 186 183 182 180 203  46  33  32  33  33  32

  60  86  75  79  83  87  85  92  86  88  89  42  40  37  38  42
 155 208 215 214 216 220 219 221 218 226 193  40  36  35  36  36
 152 216 218 219 221 225 221 223 226 231 196  44  38  35  37  37
 155 215 219 220 222 227 224 222 228 230 192  42  38  33  33  39
 154 217 221 222 224 226 224 222 224 226 190  46  42  31  35  37
 151 217 220 220 223 228 229 227 219 222 194  55  56  50  58  50
 153 217 221 222 223 139  28  21  26  24 106 226 227 232 229 216
 154 219 223 230 229 147  37  36  37  35 114 225 226 228 223 205
 152 219 223 228 228 148  42  39  39  38 111 226 227 224 227 202
 153 218 223 226 229 143  41  42  46  40 113 226 227 227 230 207
 154 216 224 227 228 135  34  28  30  25 106 226 230 230 233 211
 156 216 224 227 226 213 230 231 231 229 226 231 232 233 235 216
 155 216 220 226 229 226 231 228 226 228 229 229 230 232 233 213
 150 217 226 228 229 228 234 230 226 228 230 228 228 232 229 210
 152 217 223 225 224 227 225 228 224 226 228 227 226 229 229 206
 159 218 222 223 218 224 220 226 225 228 227 227 226 226 227 213
  60  79  73  75  83  87  83  87  84  84  83  39  37  39  40  37
 150 202 206 207 207 210 211 213 211 213 185  39  37  37  37  38
 145 200 203 204 205 207 206 208 210 212 181  39  39  39  38  38
 147 200 204 204 206 210 208 209 210 212 184  41  38  37  39  38
 146 200 205 206 208 210 209 209 210 210 181  37  39  39  39  37
 147 201 205 206 209 216 220 220 212 211 185  49  48  49  55  50
 146 202 206 209 209 129  25  20  24  23 101 216 218 221 222 212
 146 203 207 209 210 138  41  40  38  39 109 209 210 209 210 194
 148 202 207 208 209 140  42  41  39  41 105 209 210 210 210 194
 148 202 207 208 211 139  43  41  41  43 105 210 212 211 212 196
 149 202 208 209 211 130  27  26  23  26 101 212 214 214 213 198
 150 201 209 210 209 205 223 224 222 223 218 213 216 216 215 196
 148 203 208 210 210 211 210 211 211 212 212 213 215 214 214 200
 147 203 208 211 210 211 212 211 212 211 211 213 212 212 213 199
 147 203 207 208 208 210 210 210 210 210 210 211 211 209 210 197
 156 206 210 210 209 212 210 211 211 213 213 213 213 212 212 200
  57  74  68  71  80  81  80  81  79  79  77  35  34  36  36  32
 142 187 192 193 192 193 199 196 197 200 176  35  35  36  34  33
 135 180 183 185 185 186 189 190 191 191 173  34  34  33  35  33
 137 180 184 184 186 187 190 191 191 191 175  36  34  33  33  32
 137 181 185 186 188 188 190 189 191 190 170  34  36  35  34  33
 138 181 185 188 191 202 203 204 198 194 176  45  48  47  52  46
 137 181 186 188 190 123  19  14  19  19  93 202 209 206 210 203
 135 183 187 189 190 133  37  35  36  37 100 190 190 190 190 180
 138 183 187 189 190 131  36  36  37  38  98 189 191 192 192 182
 140 183 187 189 192 133  36  37  38  38 100 189 191 191 192 183
 137 184 188 191 191 126  23  21  17  22  96 194 194 194 193 186
 138 186 188 191 190 194 211 215 212 214 207 195 197 197 193 183
 138 184 187 190 192 191 192 191 192 195 193 193 194 195 194 186
 137 183 188 189 191 191 192 192 193 194 192 192 192 193 195 186
 136 184 187 187 192 192 191 191 192 192 191 191 191 192 192 187
 148 191 194 190 194 196 195 194 195 195 193 195 192 192 194 190

