  76  77  77  77  77  77  77  81  85  88  99 254 254 254 254 252
  74  75  75  76  76  77  79  81  80  79  77 252 254 254 254 251
  74  73  73  76  77  80  81  82  82  80  89 253 254 254 254 252
  88  82  83  83  78  80  81  82  80  90  80 251 254 254 254 254
 108  98  88  85  78  81  83  84  83  87  94 252 254 254 254 253
 254 254 253 251 146  62  83  85  85  80  60 254 254 254 254 253
 254 254 254 252 131  77  90  83  79  79  85 249 253 254 254 254
 254 254 254 253 158  75  91  85  84  83  61 251 253 254 254 254
 254 254 254 252 134  72  90  87  85  90  94 254 253 254 254 254
 254 254 254 254 168  71  87  87  86  88  59 254 252 254 254 254
 254 253 253 254 147  73  85  83  82  82  83 253 253 254 254 254
 254 253 253 254 237 248 250 248 245 238 230 251 250 254 254 254
 254 254 254 254 254 254 254 254 254 254 254 254 254 254 254 254
 254 254 254 254 254 254 254 254 254 254 254 254 254 254 254 254
 254 254 254 254 254 254 254 254 254 254 254 254 254 254 254 254
 254 254 254 254 254 254 254 254 254 254 254 254 254 254 254 254
  83  83  83  83  83  83  84  86  86  86  94 254 255 255 255 255
  83  83  83  85  83  83  86  87  87  85  81 253 255 255 255 255
  85  84  84  88  85  86  87  88  88  86  94 255 255 255 255 255
  84  86  87  89  85  86  87  88  89  86  76 255 255 255 255 255
  99  98  88  86  81  87  91  90  92  88  91 254 255 255 255 255
 255 255 254 254 153  75  92  91  93  87  62 254 255 255 255 255
 255 255 255 254 134  76  91  90  91  92  93 254 255 255 255 255
 255 255 255 254 163  75  91  91  93  90  67 254 255 255 255 255
 255 255 255 254 140  77  95  93  92  90  88 254 255 255 255 255
 255 255 255 255 172  77  93  94  93  89  51 255 254 255 255 255
 255 255 255 254 143  69  85  89  91  87  85 254 255 255 255 255
 255 255 255 255 236 242 244 243 242 232 227 255 255 255 255 255
 255 255 255 255 255 255 255 255 255 255 255 255 255 255 255 255
 255 255 255 255 255 255 255 255 255 255 255 255 255 255 255 255
 255 255 255 255 255 255 255 255 255 255 255 255 255 255 255 255
 255 255 255 255 255 255 255 255 255 255 255 255 255 255 255 255
  75  78  78  78  78  78  78  81  81  78  86 251 255 255 255 255
  76  78  78  79  78  78  80  81  81  78  74 251 255 255 255 255
  79  78  78  81  79  80  81  82  82  80  90 254 255 255 255 255
  79  81  82  84  79  80  82  82  80  78  69 251 255 255 255 255
  84  94  83  81  76  82  85  85  83  80  85 251 255 255 255 255
 255 255 254 252 149  68  86  86  87  82  57 253 255 255 255 254
 255 255 255 252 127  66  87  85  83  86  88 251 254 255 255 255
 255 255 255 253 158  57  88  87  85  84  62 252 254 255 255 255
 255 255 255 253 135  68  89  88  85  82  83 251 252 255 255 255
 255 255 255 254 168  71  88  88  86  80  44 249 251 255 255 255
 255 255 255 253 140  66  83  86  87  81  80 253 254 255 255 255
 255 255 255 254 235 232 231 230 228 231 226 254 254 255 255 255
 255 255 255 255 255 255 255 255 255 255 255 255 255 255 255 255
 255 255 255 255 255 255 255 255 255 255 255 255 255 255 255 255
 255 255 255 255 255 255 255 255 255 255 255 255 255 255 255 255
 255 255 255 255 255 255 255 255 255 255 255 255 255 255 255 255

 252 251 252 254 253 253 254 254 254 254 254 254 254 254 254 254
 254 254 254 254 254 254 254 254 254 254 254 254 254 254 254 254
 254 254 254 254 254 254 254 254 254 254 254 254 254 254 254 254
 254 254 254 254 254 254 253 253 253 252 253 250 254 254 254 254
 254 252 253 251 252 254 249 251 254 254 253 251 254 254 254 254
  99  77  89  80  94  60  85  61  94  59  83 230 254 254 254 254
  88  79  80  90  87  80  79  83  90  88  82 238 254 254 254 254
  85  80  82  80  83  85  79  84  85  86  82 245 254 254 254 254
  81  81  82  82  84  85  83  85  87  87  83 248 254 254 254 254
  77  79  81  81  83  83  90  91  90  87  85 250 254 254 254 254
  77  77  80  80  81  62  77  75  72  71  73 248 254 254 254 254
  77  76  77  78  78 146 131 158 134 168 147 237 254 254 254 254
  77  76  76  83  85 251 252 253 252 254 254 254 254 254 254 254
  77  75  73  83  88 253 254 254 254 254 253 253 254 254 254 254
  77  75  73  82  98 254 254 254 254 254 253 253 254 254 254 254
  76  74  74  88 108 254 254 254 254 254 254 254 254 254 254 254
 255 255 255 255 255 255 255 255 255 255 255 255 255 255 255 255
 255 255 255 255 255 255 255 255 255 255 255 255 255 255 255 255
 255 255 255 255 255 255 255 255 255 255 255 255 255 255 255 255
 255 255 255 255 255 255 255 255 255 254 255 255 255 255 255 255
 254 253 255 255 254 254 254 254 254 255 254 255 255 255 255 255
  94  81  94  76  91  62  93  67  88  51  85 227 255 255 255 255
  86  85  86  86  88  87  92  90  90  89  87 232 255 255 255 255
  86  87  88  89  92  93  91  93  92  93  91 242 255 255 255 255
  86  87  88  88  90  91  90  91  93  94  89 243 255 255 255 255
  84  86  87  87  91  92  91  91  95  93  85 244 255 255 255 255
  83  83  86  86  87  75  76  75  77  77  69 242 255 255 255 255
  83  83  85  85  81 153 134 163 140 172 143 236 255 255 255 255
  83  85  88  89  86 254 254 254 254 255 254 255 255 255 255 255
  83  83  84  87  88 254 255 255 255 255 255 255 255 255 255 255
  83  83  84  86  98 255 255 255 255 255 255 255 255 255 255 255
  83  83  85  84  99 255 255 255 255 255 255 255 255 255 255 255
 255 255 255 255 255 254 255 255 255 255 255 255 255 255 255 255
 255 255 255 255 255 255 255 255 255 255 255 255 255 255 255 255
 255 255 255 255 255 255 255 255 255 255 255 255 255 255 255 255
 255 255 255 255 255 255 254 254 252 251 254 254 255 255 255 255
 251 251 254 251 251 253 251 252 251 249 253 254 255 255 255 255
  86  74  90  69  85  57  88  62  83  44  80 226 255 255 255 255
  78  78  80  78  80  82  86  84  82  80  81 231 255 255 255 255
  81  81  82  80  83  87  83  85  85  86  87 228 255 255 255 255
  81  81  82  82  85  86  85  87  88  88  86 230 255 255 255 255
  78  80  81  82  85  86  87  88  89  88  83 231 255 255 255 255
  78  78  80  80  82  68  66  57  68  71  66 232 255 255 255 255
  78  78  79  79  76 149 127 158 135 168 140 235 255 255 255 255
  78  79  81  84  81 252 252 253 253 254 253 254 255 255 255 255
  78  78  78  82  83 254 255 255 255 255 255 255 255 255 255 255
  78  78  78  81  94 255 255 255 255 255 255 255 255 255 255 255
  75  76  79  79  84 255 255 255 255 255 255 255 255 255 255 255

 254 254 254 254 254 254 254 254 254 254 254 254 254 254 254 254
 254 254 254 254 254 254 254 254 254 254 254 254 254 254 254 254
 254 254 254 254 254 254 254 254 254 254 254 254 254 254 254 254
 254 254 254 254 254 254 254 254 254 254 254 254 254 254 254 254
 254 254 254 250 251 230 238 245 248 250 248 237 254 253 253 254
 254 254 254 253 253  83  82  82  83  85  73 147 254 253 253 254
 254 254 254 252 254  59  88  86  87  87  71 168 254 254 254 254
 254 254 254 253 254  94  90  85  87  90  72 134 252 254 254 254
 254 254 254 253 251  61  83  84  85  91  75 158 253 254 254 254
 254 254 254 253 249  85  79  79  83  90  77 131 252 254 254 254
 253 254 254 254 254  60  80  85  85  83  62 146 251 253 254 254
 253 254 254 254 252  94  87  83  84  83  81  78  85  88  98 108
 254 254 254 254 251  80  90  80  82  81  80  78  83  83  82  88
 252 254 254 254 253  89  80  82  82  81  80  77  76  73  73  74
 251 254 254 254 252  77  79  80  81  79  77  76  76  75  75  74
 252 254 254 254 254  99  88  85  81  77  77  77  77  77  77  76
 255 255 255 255 255 255 255 255 255 255 255 255 255 255 255 255
 255 255 255 255 255 255 255 255 255 255 255 255 255 255 255 255
 255 255 255 255 255 255 255 255 255 255 255 255 255 255 255 255
 255 255 255 255 255 255 255 255 255 255 255 255 255 255 255 255
 255 255 255 255 255 227 232 242 243 244 242 236 255 255 255 255
 255 255 255 255 254  85  87  91  89  85  69 143 254 255 255 255
 255 255 255 254 255  51  89  93  94  93  77 172 255 255 255 255
 255 255 255 255 254  88  90  92  93  95  77 140 254 255 255 255
 255 255 255 255 254  67  90  93  91  91  75 163 254 255 255 255
 255 255 255 255 254  93  92  91  90  91  76 134 254 255 255 255
 255 255 255 255 254  62  87  93  91  92  75 153 254 254 255 255
 255 255 255 255 254  91  88  92  90  91  87  81  86  88  98  99
 255 255 255 255 255  76  86  89  88  87  86  85  89  87  86  84
 255 255 255 255 255  94  86  88  88  87  86  85  88  84  84  85
 255 255 255 255 253  81  85  87  87  86  83  83  85  83  83  83
 255 255 255 255 254  94  86  86  86  84  83  83  83  83  83  83
 255 255 255 255 255 255 255 255 255 255 255 255 255 255 255 255
 255 255 255 255 255 255 255 255 255 255 255 255 255 255 255 255
 255 255 255 255 255 255 255 255 255 255 255 255 255 255 255 255
 255 255 255 255 255 255 255 255 255 255 255 255 255 255 255 255
 255 255 255 254 254 226 231 228 230 231 232 235 254 255 255 255
 255 255 255 254 253  80  81  87  86  83  66 140 253 255 255 255
 255 255 255 251 249  44  80  86  88  88  71 168 254 255 255 255
 255 255 255 252 251  83  82  85  88  89  68 135 253 255 255 255
 255 255 255 254 252  62  84  85  87  88  57 158 253 255 255 255
 255 255 255 254 251  88  86  83  85  87  66 127 252 255 255 255
 254 255 255 255 253  57  82  87  86  86  68 149 252 254 255 255
 255 255 255 255 251  85  80  83  85  85  82  76  81  83  94  84
 255 255 255 255 251  69  78  80  82  82  80  79  84  82  81  79
 255 255 255 255 254  90  80  82  82  81  80  79  81  78  78  79
 255 255 255 255 251  74  78  81  81  80  78  78  79  78  78  76
 255 255 255 255 251  86  78  81  81  78  78  78  78  78  78  75

 254 254 254 254 254 254 254 254 254 254 254 108  88  74  74  76
 254 254 254 254 253 253 254 254 254 254 254  98  82  73  75  77
 254 254 254 254 253 253 254 254 254 254 253  88  83  73  75  77
 254 254 254 254 254 254 254 252 253 252 251  85  83  76  76  77
 254 254 254 254 237 147 168 134 158 131 146  78  78  77  76  77
 254 254 254 254 248  73  71  72  75  77  62  81  80  80  77  77
 254 254 254 254 250  85  87  90  91  90  83  83  81  81  79  77
 254 254 254 254 248  83  87  87  85  83  85  84  82  82  81  81
 254 254 254 254 245  82  86  85  84  79  85  83  80  82  80  85
 254 254 254 254 238  82  88  90  83  79  80  87  90  80  79  88
 254 254 254 254 230  83  59  94  61  85  60  94  80  89  77  99
 254 254 254 254 251 253 254 254 251 249 254 252 251 253 252 254
 254 254 254 254 250 253 252 253 253 253 254 254 254 254 254 254
 254 254 254 254 254 254 254 254 254 254 254 254 254 254 254 254
 254 254 254 254 254 254 254 254 254 254 254 254 254 254 254 254
 254 254 254 254 254 254 254 254 254 254 253 253 254 252 251 252
 255 255 255 255 255 255 255 255 255 255 255  99  84  85  83  83
 255 255 255 255 255 255 255 255 255 255 255  98  86  84  83  83
 255 255 255 255 255 255 255 255 255 255 254  88  87  84  83  83
 255 255 255 255 255 254 255 254 254 254 254  86  89  88  85  83
 255 255 255 255 236 143 172 140 163 134 153  81  85  85  83  83
 255 255 255 255 242  69  77  77  75  76  75  87  86  86  83  83
 255 255 255 255 244  85  93  95  91  91  92  91  87  87  86  84
 255 255 255 255 243  89  94  93  91  90  91  90  88  88  87  86
 255 255 255 255 242  91  93  92  93  91  93  92  89  88  87  86
 255 255 255 255 232  87  89  90  90  92  87  88  86  86  85  86
 255 255 255 255 227  85  51  88  67  93  62  91  76  94  81  94
 255 255 255 255 255 254 255 254 254 254 254 254 255 255 253 254
 255 255 255 255 255 255 254 255 255 255 255 255 255 255 255 255
 255 255 255 255 255 255 255 255 255 255 255 255 255 255 255 255
 255 255 255 255 255 255 255 255 255 255 255 255 255 255 255 255
 255 255 255 255 255 255 255 255 255 255 255 255 255 255 255 255
 255 255 255 255 255 255 255 255 255 255 255  84  79  79  76  75
 255 255 255 255 255 255 255 255 255 255 255  94  81  78  78  78
 255 255 255 255 255 255 255 255 255 255 254  83  82  78  78  78
 255 255 255 255 254 253 254 253 253 252 252  81  84  81  79  78
 255 255 255 255 235 140 168 135 158 127 149  76  79  79  78  78
 255 255 255 255 232  66  71  68  57  66  68  82  80  80  78  78
 255 255 255 255 231  83  88  89  88  87  86  85  82  81  80  78
 255 255 255 255 230  86  88  88  87  85  86  85  82  82  81  81
 255 255 255 255 228  87  86  85  85  83  87  83  80  82  81  81
 255 255 255 255 231  81  80  82  84  86  82  80  78  80  78  78
 255 255 255 255 226  80  44  83  62  88  57  85  69  90  74  86
 255 255 255 255 254 253 249 251 252 251 253 251 251 254 251 251
 255 255 255 255 254 254 251 252 254 254 255 255 255 255 255 255
 255 255 255 255 255 255 255 255 255 255 255 255 255 255 255 255
 255 255 255 255 255 255 255 255 255 255 255 255 255 255 255 255
 255 255 255 255 255 255 255 255 255 255 254 255 255 255 255 255

