  30  34  32  41  33  38  43  40  41  46  45  47  47  39  39  32
  22  28  27  26  30  31  33  33  33  35  37  41  36  29  31  26
  18  24  24  25  27  28  28  33  31  36  37  37  35  34  29  23
  21  22  24  25  26  28  31  30  28  31 153 184 183 104  33  25
  19  23  26  30  23  26  31  31  32  28 176 214 212 106  31  28
  18  22  22  24  20  24  30  31  31  23 167 212 208 108  33  22
  19  20  22  24  26  26  48 120 124 122 130 123 128  73  32  21
  20  23  23  25  26  27  53 190 191 193  69  35  33  30  30  26
  18  24  24  24  28  30  58 187 190 193  63  29  31  31  33  22
  22  21  22  51  72  73  89 183 188 191 104  90  94  62  34  23
  17  23  23 110 183 188 190 188 191 191 195 199 198 107  34  21
  14  21  20 109 179 184 187 187 190 193 200 199 199 111  34  23
  14  15  16  91 166 173 178 182 184 189 190 189 193  94  29  21
  12  17  20  22  26  25  30  26  30  36  34  43  34  31  28  22
  17  19  20  21  19  21  23  22  22  26  26  29  31  33  27  19
  17  20  20  17  18  23  21  20  19  24  27  30  31  25  30  31
  14  23  20  24  25  25  28  28  28  33  31  29  29  30  32  24
  15  21  22  23  24  24  25  25  25  27  27  29  29  26  26  21
  14  21  22  21  23  24  24  25  25  27  29  29  30  29  27  20
  13  21  21  21  22  22  23  25  25  22 137 162 160  92  28  19
  14  20  20  22  20  22  24  25  26  21 161 188 190  93  26  19
  12  19  20  21  20  22  24  25  27  23 156 188 186  92  28  18
  11  18  19  19  22  23  42 103 108 107 118 113 108  66  27  18
  13  18  19  21  22  24  48 170 170 171  62  27  27  27  27  21
  14  17  19  21  23  23  52 171 168 172  56  24  25  26  26  17
  15  16  19  51  62  60  78 165 165 169  91  79  84  55  26  18
  14  17  16 103 165 166 167 165 168 168 170 174 177  93  26  16
  12  16  16 101 160 163 165 166 168 170 172 176 180  99  26  17
  10  15  16  90 152 159 161 167 166 171 172 172 175  83  24  20
  13  17  16  16  16  18  21  20  19  26  26  24  27  24  24  17
  13  16  15  17  18  18  19  21  21  21  20  20  22  24  25  16
   9  14  17  18  18  17  19  18  19  20  23  21  24  20  25  25
  13  17  17  16  22  22  22  24  24  28  27  28  25  23  31  22
  12  18  18  19  21  21  22  25  24  24  24  26  26  23  27  19
  10  17  17  17  19  20  21  22  22  24  23  25  27  25  24  17
  10  16  17  17  18  18  20  22  21  18 125 147 148  87  25  17
  10  16  16  18  17  19  21  21  23  17 149 167 169  85  24  16
   9  15  16  18  19  20  21  22  23  21 145 167 166  83  23  16
  12  14  16  19  19  19  37  98 102  98 109 106 102  60  25  16
  10  15  15  17  18  20  46 153 149 151  53  22  23  23  24  19
   9  16  17  17  20  20  48 152 146 151  51  20  22  22  23  17
  10  15  16  49  60  57  76 148 143 148  83  72  79  50  23  15
   9  15  13  96 143 145 147 145 148 149 154 157 159  85  23  14
   8  16  13  93 143 142 144 145 148 151 154 157 161  91  23  15
   6  16  16  85 136 144 143 147 149 153 156 157 161  76  21  16
   8  13  13  13  13  16  16  16  17  21  22  22  20  22  22  15
   9  13  15  16  16  17  18  17  17  22  21  20  21  21  23  15
   9  15  14  15  18  17  18  18  19  20  22  19  23  19  21  23

  32  26  23  25  28  22  21  26  22  23  21  23  21  22  19  31
  39  31  29  33  31  33  32  30  33  34  34  34  29  28  27  30
  39  29  34 104 106 108  73  30  31  62 107 111  94  31  33  25
  47  36  35 183 212 208 128  33  31  94 198 199 193  34  31  31
  47  41  37 184 214 212 123  35  29  90 199 199 189  43  29  30
  45  37  37 153 176 167 130  69  63 104 195 200 190  34  26  27
  46  35  36  31  28  23 122 193 193 191 191 193 189  36  26  24
  41  33  31  28  32  31 124 191 190 188 191 190 184  30  22  19
  40  33  33  30  31  31 120 190 187 183 188 187 182  26  22  20
  43  33  28  31  31  30  48  53  58  89 190 187 178  30  23  21
  38  31  28  28  26  24  26  27  30  73 188 184 173  25  21  23
  33  30  27  26  23  20  26  26  28  72 183 179 166  26  19  18
  41  26  25  25  30  24  24  25  24  51 110 109  91  22  21  17
  32  27  24  24  26  22  22  23  24  22  23  20  16  20  20  20
  34  28  24  22  23  22  20  23  24  21  23  21  15  17  19  20
  30  22  18  21  19  18  19  20  18  22  17  14  14  12  17  17
  24  21  20  19  19  18  18  21  17  18  16  17  20  17  16  25
  32  26  27  28  26  28  27  27  26  26  26  26  24  24  25  25
  30  26  29  92  93  92  66  27  26  55  93  99  83  24  24  20
  29  29  30 160 190 186 108  27  25  84 177 180 175  27  22  24
  29  29  29 162 188 188 113  27  24  79 174 176 172  24  20  21
  31  27  29 137 161 156 118  62  56  91 170 172 172  26  20  23
  33  27  27  22  21  23 107 171 172 169 168 170 171  26  21  20
  28  25  25  25  26  27 108 170 168 165 168 168 166  19  21  19
  28  25  25  25  25  25 103 170 171 165 165 166 167  20  21  18
  28  25  24  23  24  24  42  48  52  78 167 165 161  21  19  19
  25  24  24  22  22  22  23  24  23  60 166 163 159  18  18  17
  25  24  23  22  20  20  22  22  23  62 165 160 152  16  18  18
  24  23  21  21  22  21  19  21  21  51 103 101  90  16  17  18
  20  22  22  21  20  20  19  19  19  19  16  16  16  16  15  17
  23  21  21  21  20  19  18  18  17  16  17  16  15  17  16  14
  14  15  14  13  14  12  11  13  14  15  14  12  10  13  13   9
  22  19  17  17  16  16  16  19  17  15  14  15  16  15  15  23
  31  27  24  25  24  23  25  24  23  23  23  23  21  22  23  21
  23  23  25  87  85  83  60  23  22  50  85  91  76  22  21  19
  25  26  27 148 169 166 102  23  22  79 159 161 161  20  21  23
  28  26  25 147 167 167 106  22  20  72 157 157 157  22  20  19
  27  24  23 125 149 145 109  53  51  83 154 154 156  22  21  22
  28  24  24  18  17  21  98 151 151 148 149 151 153  21  22  20
  24  24  22  21  23  23 102 149 146 143 148 148 149  17  17  19
  24  25  22  22  21  22  98 153 152 148 145 145 147  16  17  18
  22  22  21  20  21  21  37  46  48  76 147 144 143  16  18  18
  22  21  20  18  19  20  19  20  20  57 145 142 144  16  17  17
  22  21  19  18  17  19  19  18  20  60 143 143 136  13  16  18
  16  19  17  17  18  18  19  17  17  49  96  93  85  13  16  15
  17  18  17  17  16  16  16  15  17  16  13  13  16  13  15  14
  17  18  17  16  16  15  14  15  16  15  15  16  16  13  13  15
  13  12  10  10  10   9  12  10   9  10   9   8   6   8   9   9

  31  30  25  31  30  27  24  19  20  21  23  18  17  20  20  17
  19  27  33  31  29  26  26  22  22  23  21  19  21  20  19  17
  22  28  31  34  43  34  36  30  26  30  25  26  22  20  17  12
  21  29  94 193 189 190 189 184 182 178 173 166  91  16  15  14
  23  34 111 199 199 200 193 190 187 187 184 179 109  20  21  14
  21  34 107 198 199 195 191 191 188 190 188 183 110  23  23  17
  23  34  62  94  90 104 191 188 183  89  73  72  51  22  21  22
  22  33  31  31  29  63 193 190 187  58  30  28  24  24  24  18
  26  30  30  33  35  69 193 191 190  53  27  26  25  23  23  20
  21  32  73 128 123 130 122 124 120  48  26  26  24  22  20  19
  22  33 108 208 212 167  23  31  31  30  24  20  24  22  22  18
  28  31 106 212 214 176  28  32  31  31  26  23  30  26  23  19
  25  33 104 183 184 153  31  28  30  31  28  26  25  24  22  21
  23  29  34  35  37  37  36  31  33  28  28  27  25  24  24  18
  26  31  29  36  41  37  35  33  33  33  31  30  26  27  28  22
  32  39  39  47  47  45  46  41  40  43  38  33  41  32  34  30
  25  25  20  24  21  23  20  19  18  19  17  18  18  17  14   9
  16  25  24  22  20  20  21  21  21  19  18  18  17  15  16  13
  17  24  24  27  24  26  26  19  20  21  18  16  16  16  17  13
  20  24  83 175 172 172 171 166 167 161 159 152  90  16  15  10
  17  26  99 180 176 172 170 168 166 165 163 160 101  16  16  12
  16  26  93 177 174 170 168 168 165 167 166 165 103  16  17  14
  18  26  55  84  79  91 169 165 165  78  60  62  51  19  16  15
  17  26  26  25  24  56 172 168 171  52  23  23  21  19  17  14
  21  27  27  27  27  62 171 170 170  48  24  22  21  19  18  13
  18  27  66 108 113 118 107 108 103  42  23  22  19  19  18  11
  18  28  92 186 188 156  23  27  25  24  22  20  21  20  19  12
  19  26  93 190 188 161  21  26  25  24  22  20  22  20  20  14
  19  28  92 160 162 137  22  25  25  23  22  22  21  21  21  13
  20  27  29  30  29  29  27  25  25  24  24  23  21  22  21  14
  21  26  26  29  29  27  27  25  25  25  24  24  23  22  21  15
  24  32  30  29  29  31  33  28  28  28  25  25  24  20  23  14
  23  21  19  23  19  22  20  19  18  18  17  18  15  14  15   9
  15  23  21  21  20  21  22  17  17  18  17  16  16  15  13   9
  15  22  22  20  22  22  21  17  16  16  16  13  13  13  13   8
  16  21  76 161 157 156 153 149 147 143 144 136  85  16  16   6
  15  23  91 161 157 154 151 148 145 144 142 143  93  13  16   8
  14  23  85 159 157 154 149 148 145 147 145 143  96  13  15   9
  15  23  50  79  72  83 148 143 148  76  57  60  49  16  15  10
  17  23  22  22  20  51 151 146 152  48  20  20  17  17  16   9
  19  24  23  23  22  53 151 149 153  46  20  18  17  15  15  10
  16  25  60 102 106 109  98 102  98  37  19  19  19  16  14  12
  16  23  83 166 167 145  21  23  22  21  20  19  18  16  15   9
  16  24  85 169 167 149  17  23  21  21  19  17  18  16  16  10
  17  25  87 148 147 125  18  21  22  20  18  18  17  17  16  10
  17  24  25  27  25  23  24  22  22  21  20  19  17  17  17  10
  19  27  23  26  26  24  24  24  25  22  21  21  19  18  18  12
  22  31  23  25  28  27  28  24  24  22  22  22  16  17  17  13

  17  17  12  14  14  17  22  18  20  19  18  19  21  18  22  30
  20  19  17  15  21  23  21  24  23  20  22  23  22  24  28  34
  20  20  20  16  20  23  22  24  23  22  22  26  24  24  27  32
  17  21  22  91 109 110  51  24  25  24  24  30  25  25  26  41
  18  19  26 166 179 183  72  28  26  26  20  23  26  27  30  33
  23  21  25 173 184 188  73  30  27  26  24  26  28  28  31  38
  21  23  30 178 187 190  89  58  53  48  30  31  31  28  33  43
  20  22  26 182 187 188 183 187 190 120  31  31  30  33  33  40
  19  22  30 184 190 191 188 190 191 124  31  32  28  31  33  41
  24  26  36 189 193 191 191 193 193 122  23  28  31  36  35  46
  27  26  34 190 200 195 104  63  69 130 167 176 153  37  37  45
  30  29  43 189 199 199  90  29  35 123 212 214 184  37  41  47
  31  31  34 193 199 198  94  31  33 128 208 212 183  35  36  47
  25  33  31  94 111 107  62  31  30  73 108 106 104  34  29  39
  30  27  28  29  34  34  34  33  30  32  33  31  33  29  31  39
  31  19  22  21  23  21  23  22  26  21  22  28  25  23  26  32
   9  13  13  10  12  14  15  14  13  11  12  14  13  14  15  14
  14  16  17  15  16  17  16  17  18  18  19  20  21  21  21  23
  17  15  16  16  16  16  19  19  19  19  20  20  21  22  22  20
  18  17  16  90 101 103  51  21  21  19  21  22  21  21  23  24
  18  18  16 152 160 165  62  23  22  22  20  20  22  23  24  25
  17  18  18 159 163 166  60  23  24  23  22  22  22  24  24  25
  19  19  21 161 165 167  78  52  48  42  24  24  23  24  25  28
  18  21  20 167 166 165 165 171 170 103  25  25  25  25  25  28
  19  21  19 166 168 168 165 168 170 108  27  26  25  25  25  28
  20  21  26 171 170 168 169 172 171 107  23  21  22  27  27  33
  23  20  26 172 172 170  91  56  62 118 156 161 137  29  27  31
  21  20  24 172 176 174  79  24  27 113 188 188 162  29  29  29
  24  22  27 175 180 177  84  25  27 108 186 190 160  30  29  29
  20  24  24  83  99  93  55  26  27  66  92  93  92  29  26  30
  25  25  24  24  26  26  26  26  27  27  28  26  28  27  26  32
  25  16  17  20  17  16  18  17  21  18  18  19  19  20  21  24
   9   9   8   6   8   9  10   9  10  12   9  10  10  10  12  13
  15  13  13  16  16  15  15  16  15  14  15  16  16  17  18  17
  14  15  13  16  13  13  16  17  15  16  16  16  17  17  18  17
  15  16  13  85  93  96  49  17  17  19  18  18  17  17  19  16
  18  16  13 136 143 143  60  20  18  19  19  17  18  19  21  22
  17  17  16 144 142 145  57  20  20  19  20  19  18  20  21  22
  18  18  16 143 144 147  76  48  46  37  21  21  20  21  22  22
  18  17  16 147 145 145 148 152 153  98  22  21  22  22  25  24
  19  17  17 149 148 148 143 146 149 102  23  23  21  22  24  24
  20  22  21 153 151 149 148 151 151  98  21  17  18  24  24  28
  22  21  22 156 154 154  83  51  53 109 145 149 125  23  24  27
  19  20  22 157 157 157  72  20  22 106 167 167 147  25  26  28
  23  21  20 161 161 159  79  22  23 102 166 169 148  27  26  25
  19  21  22  76  91  85  50  22  23  60  83  85  87  25  23  23
  21  23  22  21  23  23  23  23  24  25  23  24  25  24  27  31
  23  15  15  16  15  14  15  17  19  16  16  16  17  17  19  22

