  28  39  44  38  38  38  39  43  38  41  37  41  38  38  40  25
  25  36  34  33  35  35  35  37  37  39  37  39  39  38  39  28
  25  34  34  34  33  34  40  36  40  44  39  43  40  37  34  24
  21  32  36  38  32  35 144 178 201 217 214 203 178  27  33  25
  23  35  35  35  33  35 158 217 218 222 221 223 186  28  32  27
  25  34  35  36  34  37 163 213 214 219 219 220 185  26  33  26
  21  31  31 146 153 153 137 107 109 114 116 115 109  30  34  27
  23  34  26 200 209 209 100  36  34  36  32  33  36  34  33  23
  21  32  27 194 210 212  93  44  40  39  34  33  33  34  31  22
  25  39  34 194 206 205 152 120 118 118 121 117 118  30  34  22
  26  39  31 192 204 207 208 208 210 209 211 214 216  22  34  23
  23  33  27 184 203 206 207 207 209 209 209 211 214  27  34  26
  24  33  25 188 197 201 197 193 199 200 204 201 205  26  35  25
  21  31  31  32  33  35  33  37  34  35  35  35  40  33  34  21
  19  32  33  34  32  34  30  30  37  34  30  32  34  34  35  25
  20  30  34  36  33  32  35  37  39  35  34  34  37  35  32  27
  24  35  35  33  29  34  33  33  36  33  34  33  30  29  29  24
  21  34  33  34  33  33  32  33  34  37  34  35  33  32  33  24
  22  33  33  32  33  33  33  32  36  39  34  37  34  31  31  22
  22  34  35  33  32  31 134 165 185 200 197 189 164  25  33  22
  21  33  33  31  30  31 150 200 200 203 204 205 174  25  32  25
  21  30  32  32  30  30 154 198 198 202 203 204 173  23  32  23
  23  33  27 139 142 145 128 102 104 105 109 106 101  29  32  24
  23  32  22 190 192 194  91  34  35  34  35  32  32  31  32  22
  21  32  24 185 193 194  86  34  36  34  34  30  31  31  30  22
  24  34  27 184 190 191 142 112 111 109 112 110 115  27  33  22
  24  35  28 185 189 191 193 193 193 193 195 196 202  21  31  20
  20  34  26 178 189 190 191 191 192 192 193 194 201  24  32  23
  21  34  25 182 183 184 186 184 187 186 189 187 192  23  32  21
  20  32  31  32  32  35  33  31  30  32  32  29  30  30  32  21
  21  33  34  32  30  32  30  30  31  31  29  30  30  31  33  22
  19  31  35  32  30  32  34  33  32  31  30  30  32  30  30  25
  19  33  30  29  26  29  28  24  30  28  29  29  27  27  26  22
  18  31  32  30  29  29  28  29  30  32  30  31  30  29  30  20
  19  29  29  28  28  29  30  28  32  35  30  33  30  27  27  22
  18  29  30  29  27  27 127 151 166 182 176 177 154  23  29  19
  17  29  29  28  26  27 141 177 177 182 182 183 156  20  28  21
  20  30  28  28  26  28 147 175 175 180 180 181 156  20  28  19
  19  28  23 132 131 134 122  94  99  97 102  96  96  24  28  20
  18  30  19 177 171 172  84  31  30  30  30  28  29  27  31  21
  18  32  21 173 171 174  80  33  31  30  29  26  27  27  30  22
  20  31  22 170 170 171 133 108 104 107 107 106 116  27  33  22
  20  31  26 173 169 171 173 174 174 173 174 174 185  22  31  20
  17  29  25 166 169 170 171 170 169 172 173 174 184  20  30  21
  18  29  23 171 166 168 170 167 173 171 173 171 179  20  28  18
  16  30  30  33  31  31  29  28  26  28  28  25  27  26  29  21
  16  30  30  29  26  28  28  28  28  27  25  26  26  27  29  19
  17  27  30  29  29  30  30  29  29  28  30  28  30  26  28  21

  25  28  24  25  27  26  27  23  22  22  23  26  25  21  25  27
  40  39  34  33  32  33  34  33  31  34  34  34  35  34  35  32
  38  38  37  27  28  26  30  34  34  30  22  27  26  33  34  35
  38  39  40 178 186 185 109  36  33 118 216 214 205  40  34  37
  41  39  43 203 223 220 115  33  33 117 214 211 201  35  32  34
  37  37  39 214 221 219 116  32  34 121 211 209 204  35  30  34
  41  39  44 217 222 219 114  36  39 118 209 209 200  35  34  35
  38  37  40 201 218 214 109  34  40 118 210 209 199  34  37  39
  43  37  36 178 217 213 107  36  44 120 208 207 193  37  30  37
  39  35  40 144 158 163 137 100  93 152 208 207 197  33  30  35
  38  35  34  35  35  37 153 209 212 205 207 206 201  35  34  32
  38  35  33  32  33  34 153 209 210 206 204 203 197  33  32  33
  38  33  34  38  35  36 146 200 194 194 192 184 188  32  34  36
  44  34  34  36  35  35  31  26  27  34  31  27  25  31  33  34
  39  36  34  32  35  34  31  34  32  39  39  33  33  31  32  30
  28  25  25  21  23  25  21  23  21  25  26  23  24  21  19  20
  24  24  22  22  25  23  24  22  22  22  20  23  21  21  22  25
  29  33  31  33  32  32  32  32  30  33  31  32  32  32  33  30
  29  32  31  25  25  23  29  31  31  27  21  24  23  30  31  30
  30  33  34 164 174 173 101  32  31 115 202 201 192  30  30  32
  33  35  37 189 205 204 106  32  30 110 196 194 187  29  30  30
  34  34  34 197 204 203 109  35  34 112 195 193 189  32  29  30
  33  37  39 200 203 202 105  34  34 109 193 192 186  32  31  31
  36  34  36 185 200 198 104  35  36 111 193 192 187  30  31  32
  33  33  32 165 200 198 102  34  34 112 193 191 184  31  30  33
  33  32  33 134 150 154 128  91  86 142 193 191 186  33  30  34
  34  33  33  31  31  30 145 194 194 191 191 190 184  35  32  32
  29  33  33  32  30  30 142 192 193 190 189 189 183  32  30  30
  33  34  32  33  31  32 139 190 185 184 185 178 182  32  32  32
  35  33  33  35  33  32  27  22  24  27  28  26  25  31  34  35
  35  34  33  34  33  30  33  32  32  34  35  34  34  32  33  31
  24  21  22  22  21  21  23  23  21  24  24  20  21  20  21  19
  22  20  22  19  21  19  20  21  22  22  20  21  18  21  19  21
  26  30  27  29  28  28  28  31  30  33  31  30  28  29  29  28
  27  29  27  23  20  20  24  27  27  27  22  20  20  26  27  26
  27  30  30 154 156 156  96  29  27 116 185 184 179  27  26  30
  29  31  33 177 183 181  96  28  26 106 174 174 171  25  26  28
  29  30  30 176 182 180 102  30  29 107 174 173 173  28  25  30
  28  32  35 182 182 180  97  30  30 107 173 172 171  28  27  28
  30  30  32 166 177 175  99  30  31 104 174 169 173  26  28  29
  24  29  28 151 177 175  94  31  33 108 174 170 167  28  28  29
  28  28  30 127 141 147 122  84  80 133 173 171 170  29  28  30
  29  29  29  27  27  28 134 172 174 171 171 170 168  31  28  30
  26  29  28  27  26  26 131 171 171 170 169 169 166  31  26  29
  29  30  28  29  28  28 132 177 173 170 173 166 171  33  29  29
  30  32  29  30  29  28  23  19  21  22  26  25  23  30  30  30
  33  31  29  29  29  30  28  30  32  31  31  29  29  30  30  27
  19  18  19  18  17  20  19  18  18  20  20  17  18  16  16  17

  27  32  35  37  34  34  35  39  37  35  32  33  36  34  30  20
  25  35  34  34  32  30  34  37  30  30  34  32  34  33  32  19
  21  34  33  40  35  35  35  34  37  33  35  33  32  31  31  21
  25  35  26 205 201 204 200 199 193 197 201 197 188  25  33  24
  26  34  27 214 211 209 209 209 207 207 206 203 184  27  33  23
  23  34  22 216 214 211 209 210 208 208 207 204 192  31  39  26
  22  34  30 118 117 121 118 118 120 152 205 206 194  34  39  25
  22  31  34  33  33  34  39  40  44  93 212 210 194  27  32  21
  23  33  34  36  33  32  36  34  36 100 209 209 200  26  34  23
  27  34  30 109 115 116 114 109 107 137 153 153 146  31  31  21
  26  33  26 185 220 219 219 214 213 163  37  34  36  35  34  25
  27  32  28 186 223 221 222 218 217 158  35  33  35  35  35  23
  25  33  27 178 203 214 217 201 178 144  35  32  38  36  32  21
  24  34  37  40  43  39  44  40  36  40  34  33  34  34  34  25
  28  39  38  39  39  37  39  37  37  35  35  35  33  34  36  25
  25  40  38  38  41  37  41  38  43  39  38  38  38  44  39  28
  25  30  30  32  30  30  31  32  33  34  32  30  32  35  31  19
  22  33  31  30  30  29  31  31  30  30  32  30  32  34  33  21
  21  32  30  30  29  32  32  30  31  33  35  32  32  31  32  20
  21  32  23 192 187 189 186 187 184 186 184 183 182  25  34  21
  23  32  24 201 194 193 192 192 191 191 190 189 178  26  34  20
  20  31  21 202 196 195 193 193 193 193 191 189 185  28  35  24
  22  33  27 115 110 112 109 111 112 142 191 190 184  27  34  24
  22  30  31  31  30  34  34  36  34  86 194 193 185  24  32  21
  22  32  31  32  32  35  34  35  34  91 194 192 190  22  32  23
  24  32  29 101 106 109 105 104 102 128 145 142 139  27  33  23
  23  32  23 173 204 203 202 198 198 154  30  30  32  32  30  21
  25  32  25 174 205 204 203 200 200 150  31  30  31  33  33  21
  22  33  25 164 189 197 200 185 165 134  31  32  33  35  34  22
  22  31  31  34  37  34  39  36  32  33  33  33  32  33  33  22
  24  33  32  33  35  34  37  34  33  32  33  33  34  33  34  21
  24  29  29  30  33  34  33  36  33  33  34  29  33  35  35  24
  21  28  26  30  28  30  28  29  29  30  30  29  29  30  27  17
  19  29  27  26  26  25  27  28  28  28  28  26  29  30  30  16
  21  29  26  27  25  28  28  26  28  29  31  31  33  30  30  16
  18  28  20 179 171 173 171 173 167 170 168 166 171  23  29  18
  21  30  20 184 174 173 172 169 170 171 170 169 166  25  29  17
  20  31  22 185 174 174 173 174 174 173 171 169 173  26  31  20
  22  33  27 116 106 107 107 104 108 133 171 170 170  22  31  20
  22  30  27  27  26  29  30  31  33  80 174 171 173  21  32  18
  21  31  27  29  28  30  30  30  31  84 172 171 177  19  30  18
  20  28  24  96  96 102  97  99  94 122 134 131 132  23  28  19
  19  28  20 156 181 180 180 175 175 147  28  26  28  28  30  20
  21  28  20 156 183 182 182 177 177 141  27  26  28  29  29  17
  19  29  23 154 177 176 182 166 151 127  27  27  29  30  29  18
  22  27  27  30  33  30  35  32  28  30  29  28  28  29  29  19
  20  30  29  30  31  30  32  30  29  28  29  29  30  32  31  18
  22  26  27  27  29  29  28  30  24  28  29  26  29  30  33  19

  20  19  21  24  23  26  25  21  23  21  25  23  21  25  25  28
  30  32  31  33  33  39  39  32  34  31  34  35  32  34  36  39
  34  33  31  25  27  31  34  27  26  31  35  35  36  34  34  44
  36  34  32 188 184 192 194 194 200 146  36  35  38  34  33  38
  33  32  33 197 203 204 206 210 209 153  34  33  32  33  35  38
  32  34  35 201 206 207 205 212 209 153  37  35  35  34  35  38
  35  30  33 197 207 208 152  93 100 137 163 158 144  40  35  39
  37  30  37 193 207 208 120  44  36 107 213 217 178  36  37  43
  39  37  34 199 209 210 118  40  34 109 214 218 201  40  37  38
  35  34  35 200 209 209 118  39  36 114 219 222 217  44  39  41
  34  30  35 204 209 211 121  34  32 116 219 221 214  39  37  37
  34  32  35 201 211 214 117  33  33 115 220 223 203  43  39  41
  37  34  40 205 214 216 118  33  36 109 185 186 178  40  39  38
  35  34  33  26  27  22  30  34  34  30  26  28  27  37  38  38
  32  35  34  35  34  34  34  31  33  34  33  32  33  34  39  40
  27  25  21  25  26  23  22  22  23  27  26  27  25  24  28  25
  19  21  20  21  20  24  24  21  23  23  21  21  22  22  21  24
  31  33  32  34  34  35  34  32  32  33  30  33  34  33  34  35
  35  34  31  25  26  28  27  24  22  27  32  33  35  33  33  35
  32  32  32 182 178 185 184 185 190 139  32  31  33  32  34  33
  30  30  32 183 189 189 190 193 192 142  30  30  32  33  33  29
  32  32  35 184 190 191 191 194 194 145  30  31  31  33  33  34
  34  30  33 186 191 193 142  86  91 128 154 150 134  33  32  33
  33  30  31 184 191 193 112  34  34 102 198 200 165  32  33  33
  32  31  30 187 192 193 111  36  35 104 198 200 185  36  34  36
  31  31  32 186 192 193 109  34  34 105 202 203 200  39  37  33
  30  29  32 189 193 195 112  34  35 109 203 204 197  34  34  34
  30  30  29 187 194 196 110  30  32 106 204 205 189  37  35  33
  32  30  30 192 201 202 115  31  32 101 173 174 164  34  33  30
  30  31  30  23  24  21  27  31  31  29  23  25  25  31  32  29
  30  33  32  32  32  31  33  30  32  32  32  32  33  31  33  29
  25  22  21  21  23  20  22  22  22  24  23  25  22  22  24  24
  17  16  16  18  17  20  20  18  18  19  20  17  18  19  18  19
  27  30  30  29  29  31  31  32  30  28  30  29  29  29  31  33
  30  30  30  23  25  26  22  21  19  23  28  29  30  29  32  30
  29  29  33 171 166 173 170 173 177 132  28  28  29  28  30  29
  29  26  31 166 169 169 170 171 171 131  26  26  27  28  29  26
  30  28  31 168 170 171 171 174 172 134  28  27  27  29  29  29
  30  28  29 170 171 173 133  80  84 122 147 141 127  30  28  28
  29  28  28 167 170 174 108  33  31  94 175 177 151  28  29  24
  29  28  26 173 169 174 104  31  30  99 175 177 166  32  30  30
  28  27  28 171 172 173 107  30  30  97 180 182 182  35  32  28
  30  25  28 173 173 174 107  29  30 102 180 182 176  30  30  29
  28  26  25 171 174 174 106  26  28  96 181 183 177  33  31  29
  30  26  27 179 184 185 116  27  29  96 156 156 154  30  30  27
  26  27  26  20  20  22  27  27  27  24  20  20  23  27  29  27
  28  29  29  28  30  31  33  30  31  28  28  28  29  27  30  26
  21  19  21  18  21  20  22  22  21  20  19  21  19  22  20  22

