 255 255 255 255 255 253 250 244 254 254 255 255 254 254 254 255
 255 255 255 255 255 253 228 201 251 253 255 255 255 254 254 254
 255 255 255 255 255 254 229 191 252 252 253 255 255 253 250 251
 255 255 255 255 255 254 227 180 251 255 255 254 251 246 247 245
 255 255 255 255 255 253 232 200 249 255 255 254 249 244 238 240
 255 255 255 255 255 252 236 199 253 255 255 254 251 247 201 221
 255 255 255 255 254 251 222 214 242 253 254 254 254 251 203 219
 255 255 255 255 254 253 213 217 235 251 253 252 250 245 194 225
 255 255 255 255 254 255 237 212 235 250 252 252 247 245 205 218
 255 255 255 255 255 254 243 206 242 247 251 251 246 245 192 229
 255 255 255 255 255 254 225 187 245 252 253 249 244 241 187 237
 255 255 255 255 254 254 241 199 233 255 254 247 242 239 246 239
 255 255 255 255 255 252 232 176 234 252 243 248 245 243 243 238
 255 255 255 255 254 252 170 215 137 222 244 248 245 245 240 239
 255 255 255 255 254 253 185 216 186 242 242 249 244 243 240 239
 255 255 255 255 255 253 239 201 242 243 243 246 240 239 238 236
 255 255 255 255 255 254 250 245 254 255 255 255 255 255 255 255
 255 255 255 255 255 253 229 204 253 255 255 255 255 255 255 255
 255 255 255 255 255 254 232 194 253 254 255 255 255 255 254 254
 255 255 255 255 255 254 234 179 251 255 255 255 255 255 250 249
 255 255 255 255 255 254 236 199 248 255 255 255 255 254 242 245
 255 255 255 255 255 253 236 195 253 255 255 254 253 251 203 225
 255 255 255 255 254 254 217 209 239 254 255 254 252 250 203 222
 255 255 255 255 255 254 214 208 235 252 254 252 248 243 193 227
 255 255 255 255 255 254 239 203 239 250 252 251 246 244 200 210
 255 255 255 255 255 254 245 200 247 248 250 251 246 245 187 223
 255 255 255 255 254 254 223 181 249 252 253 253 250 248 183 234
 255 255 255 255 253 254 240 198 236 255 254 254 253 248 243 240
 255 255 255 255 255 253 234 177 235 254 246 252 254 251 243 241
 255 255 255 255 255 254 173 214 136 221 244 249 254 252 243 242
 255 255 255 255 255 255 189 216 185 241 241 251 253 249 243 242
 255 255 255 255 255 255 240 203 244 244 244 248 250 245 241 240
 255 255 255 255 255 253 248 241 249 243 243 250 235 234 237 236
 255 255 255 255 255 251 226 196 243 239 241 250 240 236 235 235
 255 255 255 255 255 254 229 186 240 237 238 246 238 233 230 231
 255 255 255 255 255 252 230 173 227 237 236 238 232 226 232 229
 255 255 255 255 254 249 231 189 230 236 236 235 229 224 233 229
 255 255 255 255 252 247 227 184 244 236 235 234 230 226 198 213
 255 255 255 255 250 245 206 198 232 236 234 233 231 228 203 213
 255 255 255 255 249 240 194 200 228 230 230 231 227 226 195 220
 255 255 255 254 250 243 218 196 230 226 227 228 223 226 191 201
 255 255 255 254 253 245 226 187 237 224 225 227 223 225 173 210
 255 255 255 255 252 248 205 164 240 229 228 229 226 224 166 217
 255 255 255 255 253 247 225 180 232 231 229 230 228 224 221 219
 255 255 255 255 254 248 223 161 220 234 224 229 230 228 220 219
 255 255 255 255 253 246 160 208 127 208 230 228 230 230 220 219
 255 255 255 255 251 245 170 206 174 231 232 228 229 226 220 219
 254 255 255 255 250 240 223 182 223 226 227 225 226 221 218 216

 255 254 251 245 240 221 219 225 218 229 237 239 238 239 239 236
 254 254 250 247 238 201 203 194 205 192 187 246 243 240 240 238
 254 254 253 246 244 247 251 245 245 245 241 239 243 245 243 239
 254 255 255 251 249 251 254 250 247 246 244 242 245 245 244 240
 255 255 255 254 254 254 254 252 252 251 249 247 248 248 249 246
 255 255 253 255 255 255 254 253 252 251 253 254 243 244 242 243
 254 253 252 255 255 255 253 251 250 247 252 255 252 222 242 243
 254 251 252 251 249 253 242 235 235 242 245 233 234 137 186 242
 244 201 191 180 200 199 214 217 212 206 187 199 176 215 216 201
 250 228 229 227 232 236 222 213 237 243 225 241 232 170 185 239
 253 253 254 254 253 252 251 253 255 254 254 254 252 252 253 253
 255 255 255 255 255 255 254 254 254 255 255 254 255 254 254 255
 255 255 255 255 255 255 255 255 255 255 255 255 255 255 255 255
 255 255 255 255 255 255 255 255 255 255 255 255 255 255 255 255
 255 255 255 255 255 255 255 255 255 255 255 255 255 255 255 255
 255 255 255 255 255 255 255 255 255 255 255 255 255 255 255 255
 255 255 254 249 245 225 222 227 210 223 234 240 241 242 242 240
 255 255 254 250 242 203 203 193 200 187 183 243 243 243 243 241
 255 255 255 255 254 251 250 243 244 245 248 248 251 252 249 245
 255 255 255 255 255 253 252 248 246 246 250 253 254 254 253 250
 255 255 255 255 255 254 254 252 251 251 253 254 252 249 251 248
 255 255 255 255 255 255 255 254 252 250 253 254 246 244 241 244
 255 255 254 255 255 255 254 252 250 248 252 255 254 221 241 244
 254 253 253 251 248 253 239 235 239 247 249 236 235 136 185 244
 245 204 194 179 199 195 209 208 203 200 181 198 177 214 216 203
 250 229 232 234 236 236 217 214 239 245 223 240 234 173 189 240
 254 253 254 254 254 253 254 254 254 254 254 254 253 254 255 255
 255 255 255 255 255 255 254 255 255 255 254 253 255 255 255 255
 255 255 255 255 255 255 255 255 255 255 255 255 255 255 255 255
 255 255 255 255 255 255 255 255 255 255 255 255 255 255 255 255
 255 255 255 255 255 255 255 255 255 255 255 255 255 255 255 255
 255 255 255 255 255 255 255 255 255 255 255 255 255 255 255 255
 236 235 231 229 229 213 213 220 201 210 217 219 219 219 219 216
 237 235 230 232 233 198 203 195 191 173 166 221 220 220 220 218
 234 236 233 226 224 226 228 226 226 225 224 224 228 230 226 221
 235 240 238 232 229 230 231 227 223 223 226 228 230 230 229 226
 250 250 246 238 235 234 233 231 228 227 229 230 229 228 228 225
 243 241 238 236 236 235 234 230 227 225 228 229 224 230 232 227
 243 239 237 237 236 236 236 230 226 224 229 231 234 208 231 226
 249 243 240 227 230 244 232 228 230 237 240 232 220 127 174 223
 241 196 186 173 189 184 198 200 196 187 164 180 161 208 206 182
 248 226 229 230 231 227 206 194 218 226 205 225 223 160 170 223
 253 251 254 252 249 247 245 240 243 245 248 247 248 246 245 240
 255 255 255 255 254 252 250 249 250 253 252 253 254 253 251 250
 255 255 255 255 255 255 255 255 254 254 255 255 255 255 255 255
 255 255 255 255 255 255 255 255 255 255 255 255 255 255 255 255
 255 255 255 255 255 255 255 255 255 255 255 255 255 255 255 255
 255 255 255 255 255 255 255 255 255 255 255 255 255 255 255 254

 236 238 239 240 246 243 243 242 201 239 253 255 255 255 255 255
 239 240 243 244 249 242 242 186 216 185 253 254 255 255 255 255
 239 240 245 245 248 244 222 137 215 170 252 254 255 255 255 255
 238 243 243 245 248 243 252 234 176 232 252 255 255 255 255 255
 239 246 239 242 247 254 255 233 199 241 254 254 255 255 255 255
 237 187 241 244 249 253 252 245 187 225 254 255 255 255 255 255
 229 192 245 246 251 251 247 242 206 243 254 255 255 255 255 255
 218 205 245 247 252 252 250 235 212 237 255 254 255 255 255 255
 225 194 245 250 252 253 251 235 217 213 253 254 255 255 255 255
 219 203 251 254 254 254 253 242 214 222 251 254 255 255 255 255
 221 201 247 251 254 255 255 253 199 236 252 255 255 255 255 255
 240 238 244 249 254 255 255 249 200 232 253 255 255 255 255 255
 245 247 246 251 254 255 255 251 180 227 254 255 255 255 255 255
 251 250 253 255 255 253 252 252 191 229 254 255 255 255 255 255
 254 254 254 255 255 255 253 251 201 228 253 255 255 255 255 255
 255 254 254 254 255 255 254 254 244 250 253 255 255 255 255 255
 240 241 245 250 248 244 244 244 203 240 255 255 255 255 255 255
 242 243 249 253 251 241 241 185 216 189 255 255 255 255 255 255
 242 243 252 254 249 244 221 136 214 173 254 255 255 255 255 255
 241 243 251 254 252 246 254 235 177 234 253 255 255 255 255 255
 240 243 248 253 254 254 255 236 198 240 254 253 255 255 255 255
 234 183 248 250 253 253 252 249 181 223 254 254 255 255 255 255
 223 187 245 246 251 250 248 247 200 245 254 255 255 255 255 255
 210 200 244 246 251 252 250 239 203 239 254 255 255 255 255 255
 227 193 243 248 252 254 252 235 208 214 254 255 255 255 255 255
 222 203 250 252 254 255 254 239 209 217 254 254 255 255 255 255
 225 203 251 253 254 255 255 253 195 236 253 255 255 255 255 255
 245 242 254 255 255 255 255 248 199 236 254 255 255 255 255 255
 249 250 255 255 255 255 255 251 179 234 254 255 255 255 255 255
 254 254 255 255 255 255 254 253 194 232 254 255 255 255 255 255
 255 255 255 255 255 255 255 253 204 229 253 255 255 255 255 255
 255 255 255 255 255 255 255 254 245 250 254 255 255 255 255 255
 216 218 221 226 225 227 226 223 182 223 240 250 255 255 255 254
 219 220 226 229 228 232 231 174 206 170 245 251 255 255 255 255
 219 220 230 230 228 230 208 127 208 160 246 253 255 255 255 255
 219 220 228 230 229 224 234 220 161 223 248 254 255 255 255 255
 219 221 224 228 230 229 231 232 180 225 247 253 255 255 255 255
 217 166 224 226 229 228 229 240 164 205 248 252 255 255 255 255
 210 173 225 223 227 225 224 237 187 226 245 253 254 255 255 255
 201 191 226 223 228 227 226 230 196 218 243 250 254 255 255 255
 220 195 226 227 231 230 230 228 200 194 240 249 255 255 255 255
 213 203 228 231 233 234 236 232 198 206 245 250 255 255 255 255
 213 198 226 230 234 235 236 244 184 227 247 252 255 255 255 255
 229 233 224 229 235 236 236 230 189 231 249 254 255 255 255 255
 229 232 226 232 238 236 237 227 173 230 252 255 255 255 255 255
 231 230 233 238 246 238 237 240 186 229 254 255 255 255 255 255
 235 235 236 240 250 241 239 243 196 226 251 255 255 255 255 255
 236 237 234 235 250 243 243 249 241 248 253 255 255 255 255 255

 255 255 255 255 255 255 255 255 255 255 255 255 255 255 255 255
 255 255 255 255 255 255 255 255 255 255 255 255 255 255 255 255
 255 255 255 255 255 255 255 255 255 255 255 255 255 255 255 255
 255 255 255 255 255 255 255 255 255 255 255 255 255 255 255 255
 255 254 254 255 254 255 255 254 254 254 255 255 255 255 255 255
 253 253 252 252 254 254 254 255 253 251 252 253 254 254 253 253
 239 185 170 232 241 225 243 237 213 222 236 232 227 229 228 250
 201 216 215 176 199 187 206 212 217 214 199 200 180 191 201 244
 242 186 137 234 233 245 242 235 235 242 253 249 251 252 251 254
 243 242 222 252 255 252 247 250 251 253 255 255 255 252 253 254
 243 242 244 243 254 253 251 252 253 254 255 255 255 253 255 255
 246 249 248 248 247 249 251 252 252 254 254 254 254 255 255 255
 240 244 245 245 242 244 246 247 250 254 251 249 251 255 255 254
 239 243 245 243 239 241 245 245 245 251 247 244 246 253 254 254
 238 240 240 243 246 187 192 205 194 203 201 238 247 250 254 254
 236 239 239 238 239 237 229 218 225 219 221 240 245 251 254 255
 255 255 255 255 255 255 255 255 255 255 255 255 255 255 255 255
 255 255 255 255 255 255 255 255 255 255 255 255 255 255 255 255
 255 255 255 255 255 255 255 255 255 255 255 255 255 255 255 255
 255 255 255 255 255 255 255 255 255 255 255 255 255 255 255 255
 255 255 255 255 253 254 255 255 255 254 255 255 255 255 255 255
 255 255 254 253 254 254 254 254 254 254 253 254 254 254 253 254
 240 189 173 234 240 223 245 239 214 217 236 236 234 232 229 250
 203 216 214 177 198 181 200 203 208 209 195 199 179 194 204 245
 244 185 136 235 236 249 247 239 235 239 253 248 251 253 253 254
 244 241 221 254 255 252 248 250 252 254 255 255 255 254 255 255
 244 241 244 246 254 253 250 252 254 255 255 255 255 255 255 255
 248 251 249 252 254 253 251 251 252 254 254 255 255 255 255 255
 250 253 254 254 253 250 246 246 248 252 253 255 255 255 255 255
 245 249 252 251 248 248 245 244 243 250 251 254 255 255 255 255
 241 243 243 243 243 183 187 200 193 203 203 242 250 254 255 255
 240 242 242 241 240 234 223 210 227 222 225 245 249 254 255 255
 254 255 255 255 255 255 255 255 255 255 255 255 255 255 255 255
 255 255 255 255 255 255 255 255 255 255 255 255 255 255 255 255
 255 255 255 255 255 255 255 255 255 255 255 255 255 255 255 255
 255 255 255 255 255 255 254 254 255 255 255 255 255 255 255 255
 250 251 253 254 253 252 253 250 249 250 252 254 255 255 255 255
 240 245 246 248 247 248 245 243 240 245 247 249 252 254 251 253
 223 170 160 223 225 205 226 218 194 206 227 231 230 229 226 248
 182 206 208 161 180 164 187 196 200 198 184 189 173 186 196 241
 223 174 127 220 232 240 237 230 228 232 244 230 227 240 243 249
 226 231 208 234 231 229 224 226 230 236 236 236 237 237 239 243
 227 232 230 224 229 228 225 227 230 234 235 236 236 238 241 243
 225 228 228 229 230 229 227 228 231 233 234 235 238 246 250 250
 226 229 230 230 228 226 223 223 227 231 230 229 232 238 240 235
 221 226 230 228 224 224 225 226 226 228 226 224 226 233 236 234
 218 220 220 220 221 166 173 191 195 203 198 233 232 230 235 237
 216 219 219 219 219 217 210 201 220 213 213 229 229 231 235 236

