  38  35  36  38  16 213 218 222 226 226 232 229 235 238 241 244
  33  32  35  37  21 209 222 224 225 224 226 231 234 240 246 242
  38  35  35  30  18 215 224 233 232 229 234 235 234 237 241 241
  37  34  32  32  21 212 227 232 227 229 231 234 238 239 240 243
  33  37  34  31  24 221 225 229 224 229 229 232 238 238 238 240
  35  36  40  34  21 220 226 233 232 232 224 224 227 229 230 243
  32  34  38  37  18 218 227 230 228 228 221 218 224 225 224 236
  31  32  36  36  19 224 224 226 228 230 225 221 220 221 222 235
  36  37  36  34  23 210 229 226 226 225 223 221 219 221 224 234
  39  37  38  38  25 223 225 224 224 223 222 221 220 221 219 230
 148 137 138 146 136 212 222 225 227 226 223 219 220 220 220 229
 219 224 223 224 225 222 223 225 226 226 226 223 225 227 229 233
 223 225 226 225 224 227 228 228 225 225 225 226 228 229 226 231
 224 225 223 225 226 229 228 228 226 224 224 225 226 225 224 227
 219 222 224 222 221 221 219 220 222 223 222 223 224 227 223 227
 214 221 213 221 215 216 219 212 218 211 217 217 218 217 214 223
  33  34  35  37  15 209 206 206 208 210 210 209 219 221 220 234
  31  32  34  35  15 200 205 206 209 209 212 212 213 219 223 231
  32  30  33  33  15 206 206 209 210 209 211 215 213 215 219 229
  32  32  32  34  16 203 207 209 209 209 210 214 217 215 216 230
  29  33  33  33  19 214 207 207 207 208 210 212 213 214 216 228
  31  32  32  34  15 213 209 209 209 209 208 209 207 209 210 231
  31  31  33  34  14 208 209 209 209 209 205 206 206 206 206 223
  32  31  34  35  14 217 208 208 208 208 204 205 204 205 206 222
  31  32  34  35  18 204 208 207 208 207 203 204 204 204 204 220
  37  34  36  38  19 209 207 206 207 205 203 203 204 203 203 220
 136 123 126 130 123 199 206 208 207 205 203 204 204 204 204 220
 210 206 206 207 206 206 205 206 207 205 205 205 205 205 206 218
 211 206 206 206 207 206 205 205 204 204 204 205 206 207 205 218
 210 206 205 207 208 206 206 205 204 203 204 205 205 204 204 214
 209 204 205 206 206 205 204 203 204 203 204 204 202 202 202 213
 207 206 203 209 202 206 207 201 207 201 209 201 203 204 202 218
  29  30  32  33  12 200 188 186 185 187 186 191 200 203 200 216
  29  29  30  31  13 195 188 186 187 188 192 193 194 200 202 215
  31  29  30  31  13 198 186 186 189 190 192 194 191 195 200 212
  31  30  30  31  13 194 188 186 190 190 191 191 192 193 193 212
  27  31  31  31  16 203 187 187 187 189 189 189 192 193 193 209
  29  31  32  31  15 203 189 188 187 188 187 188 187 188 188 210
  29  29  32  32  12 198 189 190 190 189 185 185 185 183 185 203
  29  29  32  33  13 207 188 188 188 189 185 185 184 183 186 206
  29  31  32  33  19 194 188 187 188 187 184 184 184 185 184 203
  33  32  33  33  16 199 187 185 187 186 184 184 184 184 183 202
 134 121 121 126 117 187 187 186 186 186 184 184 184 184 184 201
 197 187 188 188 186 186 185 186 186 186 186 185 185 185 183 200
 199 185 187 188 189 187 186 186 185 185 185 184 184 186 184 202
 196 185 187 188 188 186 184 183 183 184 185 185 185 185 184 197
 196 184 184 185 186 184 184 183 184 183 184 183 183 183 182 194
 199 194 188 196 188 192 192 188 193 189 194 186 188 190 188 210

 244 242 241 243 240 243 236 235 234 230 229 233 231 227 227 223
 241 246 241 240 238 230 224 222 224 219 220 229 226 224 223 214
 238 240 237 239 238 229 225 221 221 221 220 227 229 225 227 217
 235 234 234 238 238 227 224 220 219 220 220 225 228 226 224 218
 229 231 235 234 232 224 218 221 221 221 219 223 226 225 223 217
 232 226 234 231 229 224 221 225 223 222 223 226 225 224 222 217
 226 224 229 229 229 232 228 230 225 223 226 226 225 224 223 211
 226 225 232 227 224 232 228 228 226 224 227 226 225 226 222 218
 222 224 233 232 229 233 230 226 226 224 225 225 228 228 220 212
 218 222 224 227 225 226 227 224 229 225 222 223 228 228 219 219
 213 209 215 212 221 220 218 224 210 223 212 222 227 229 221 216
  16  21  18  21  24  21  18  19  23  25 136 225 224 226 221 215
  38  37  30  32  31  34  37  36  34  38 146 224 225 225 222 221
  36  35  35  32  34  40  38  36  36  38 138 223 226 223 224 213
  35  32  35  34  37  36  34  32  37  37 137 224 225 225 222 221
  38  33  38  37  33  35  32  31  36  39 148 219 223 224 219 214
 234 231 229 230 228 231 223 222 220 220 220 218 218 214 213 218
 220 223 219 216 216 210 206 206 204 203 204 206 205 204 202 202
 221 219 215 215 214 209 206 205 204 203 204 205 207 204 202 204
 219 213 213 217 213 207 206 204 204 204 204 205 206 205 202 203
 209 212 215 214 212 209 206 205 204 203 204 205 205 205 204 201
 210 212 211 210 210 208 205 204 203 203 203 205 204 204 204 209
 210 209 209 209 208 209 209 208 207 205 205 205 204 203 203 201
 208 209 210 209 207 209 209 208 208 207 207 207 204 204 204 207
 206 206 209 209 207 209 209 208 207 206 208 206 205 205 203 201
 206 205 206 207 207 209 209 208 208 207 206 205 205 206 204 207
 209 200 206 203 214 213 208 217 204 209 199 206 206 206 205 206
  15  15  15  16  19  15  14  14  18  19 123 206 207 208 206 202
  37  35  33  34  33  34  34  35  35  38 130 207 206 207 206 209
  35  34  33  32  33  32  33  34  34  36 126 206 206 205 205 203
  34  32  30  32  33  32  31  31  32  34 123 206 206 206 204 206
  33  31  32  32  29  31  31  32  31  37 136 210 211 210 209 207
 216 215 212 212 209 210 203 206 203 202 201 200 202 197 194 210
 200 202 200 193 193 188 185 186 184 183 184 183 184 184 182 188
 203 200 195 193 193 188 183 183 185 184 184 185 186 185 183 190
 200 194 191 192 192 187 185 184 184 184 184 185 184 185 183 188
 191 193 194 191 189 188 185 185 184 184 184 185 184 185 183 186
 186 192 192 191 189 187 185 185 184 184 184 186 185 185 184 194
 187 188 190 190 189 188 189 189 187 186 186 186 185 184 183 189
 185 187 189 190 187 187 190 188 188 187 186 186 185 183 184 193
 186 186 186 186 187 188 190 188 187 185 186 186 186 183 183 188
 188 188 186 188 187 189 189 188 188 187 187 185 186 184 184 192
 200 195 198 194 203 203 198 207 194 199 187 186 187 186 184 192
  12  13  13  13  16  15  12  13  19  16 117 186 189 188 186 188
  33  31  31  31  31  31  32  33  33  33 126 188 188 188 185 196
  32  30  30  30  31  32  32  32  32  33 121 188 187 187 184 188
  30  29  29  30  31  31  29  29  31  32 121 187 185 185 184 194
  29  29  31  31  27  29  29  29  29  33 134 197 199 196 196 199

 223 214 217 218 217 217 211 218 212 219 216 215 221 213 221 214
 227 223 227 224 223 222 223 222 220 219 221 221 222 224 222 219
 227 224 225 226 225 224 224 226 228 228 229 226 225 223 225 224
 231 226 229 228 226 225 225 225 228 228 227 224 225 226 225 223
 233 229 227 225 223 226 226 226 225 223 222 225 224 223 224 219
 229 220 220 220 219 223 226 227 225 222 212 136 146 138 137 148
 230 219 221 220 221 222 223 224 224 225 223  25  38  38  37  39
 234 224 221 219 221 223 225 226 226 229 210  23  34  36  37  36
 235 222 221 220 221 225 230 228 226 224 224  19  36  36  32  31
 236 224 225 224 218 221 228 228 230 227 218  18  37  38  34  32
 243 230 229 227 224 224 232 232 233 226 220  21  34  40  36  35
 240 238 238 238 232 229 229 224 229 225 221  24  31  34  37  33
 243 240 239 238 234 231 229 227 232 227 212  21  32  32  34  37
 241 241 237 234 235 234 229 232 233 224 215  18  30  35  35  38
 242 246 240 234 231 226 224 225 224 222 209  21  37  35  32  33
 244 241 238 235 229 232 226 226 222 218 213  16  38  36  35  38
 218 202 204 203 201 209 201 207 201 207 206 202 209 203 206 207
 213 202 202 202 204 204 203 204 203 204 205 206 206 205 204 209
 214 204 204 205 205 204 203 204 205 206 206 208 207 205 206 210
 218 205 207 206 205 204 204 204 205 205 206 207 206 206 206 211
 218 206 205 205 205 205 205 207 206 205 206 206 207 206 206 210
 220 204 204 204 204 203 205 207 208 206 199 123 130 126 123 136
 220 203 203 204 203 203 205 207 206 207 209  19  38  36  34  37
 220 204 204 204 204 203 207 208 207 208 204  18  35  34  32  31
 222 206 205 204 205 204 208 208 208 208 217  14  35  34  31  32
 223 206 206 206 206 205 209 209 209 209 208  14  34  33  31  31
 231 210 209 207 209 208 209 209 209 209 213  15  34  32  32  31
 228 216 214 213 212 210 208 207 207 207 214  19  33  33  33  29
 230 216 215 217 214 210 209 209 209 207 203  16  34  32  32  32
 229 219 215 213 215 211 209 210 209 206 206  15  33  33  30  32
 231 223 219 213 212 212 209 209 206 205 200  15  35  34  32  31
 234 220 221 219 209 210 210 208 206 206 209  15  37  35  34  33
 210 188 190 188 186 194 189 193 188 192 192 188 196 188 194 199
 194 182 183 183 183 184 183 184 183 184 184 186 185 184 184 196
 197 184 185 185 185 185 184 183 183 184 186 188 188 187 185 196
 202 184 186 184 184 185 185 185 186 186 187 189 188 187 185 199
 200 183 185 185 185 186 186 186 186 185 186 186 188 188 187 197
 201 184 184 184 184 184 186 186 186 187 187 117 126 121 121 134
 202 183 184 184 184 184 186 187 185 187 199  16  33  33  32  33
 203 184 185 184 184 184 187 188 187 188 194  19  33  32  31  29
 206 186 183 184 185 185 189 188 188 188 207  13  33  32  29  29
 203 185 183 185 185 185 189 190 190 189 198  12  32  32  29  29
 210 188 188 187 188 187 188 187 188 189 203  15  31  32  31  29
 209 193 193 192 189 189 189 187 187 187 203  16  31  31  31  27
 212 193 193 192 191 191 190 190 186 188 194  13  31  30  30  31
 212 200 195 191 194 192 190 189 186 186 198  13  31  30  29  31
 215 202 200 194 193 192 188 187 186 188 195  13  31  30  29  29
 216 200 203 200 191 186 187 185 186 188 200  12  33  32  30  29

 214 219 224 223 219 148  39  36  31  32  35  33  37  38  33  38
 221 222 225 225 224 137  37  37  32  34  36  37  34  35  32  35
 213 224 223 226 223 138  38  36  36  38  40  34  32  35  35  36
 221 222 225 225 224 146  38  34  36  37  34  31  32  30  37  38
 215 221 226 224 225 136  25  23  19  18  21  24  21  18  21  16
 216 221 229 227 222 212 223 210 224 218 220 221 212 215 209 213
 219 219 228 228 223 222 225 229 224 227 226 225 227 224 222 218
 212 220 228 228 225 225 224 226 226 230 233 229 232 233 224 222
 218 222 226 225 226 227 224 226 228 228 232 224 227 232 225 226
 211 223 224 225 226 226 223 225 230 228 232 229 229 229 224 226
 217 222 224 225 226 223 222 223 225 221 224 229 231 234 226 232
 217 223 225 226 223 219 221 221 221 218 224 232 234 235 231 229
 218 224 226 228 225 220 220 219 220 224 227 238 238 234 234 235
 217 227 225 229 227 220 221 221 221 225 229 238 239 237 240 238
 214 223 224 226 229 220 219 224 222 224 230 238 240 241 246 241
 223 227 227 231 233 229 230 234 235 236 243 240 243 241 242 244
 207 209 210 211 210 136  37  31  32  31  31  29  32  32  31  33
 206 204 206 206 206 123  34  32  31  31  32  33  32  30  32  34
 203 205 205 206 206 126  36  34  34  33  32  33  32  33  34  35
 209 206 207 206 207 130  38  35  35  34  34  33  34  33  35  37
 202 206 208 207 206 123  19  18  14  14  15  19  16  15  15  15
 206 205 206 206 206 199 209 204 217 208 213 214 203 206 200 209
 207 204 206 205 205 206 207 208 208 209 209 207 207 206 205 206
 201 203 205 205 206 208 206 207 208 209 209 207 209 209 206 206
 207 204 204 204 207 207 207 208 208 209 209 207 209 210 209 208
 201 203 203 204 205 205 205 207 208 209 209 208 209 209 209 210
 209 204 204 204 205 203 203 203 204 205 208 210 210 211 212 210
 201 204 205 205 205 204 203 204 205 206 209 212 214 215 212 209
 203 202 205 206 205 204 204 204 204 206 207 213 217 213 213 219
 204 202 204 207 205 204 203 204 205 206 209 214 215 215 219 221
 202 202 204 205 206 204 203 204 206 206 210 216 216 219 223 220
 218 213 214 218 218 220 220 220 222 223 231 228 230 229 231 234
 199 196 196 199 197 134  33  29  29  29  29  27  31  31  29  29
 194 184 185 185 187 121  32  31  29  29  31  31  30  29  29  30
 188 184 187 187 188 121  33  32  32  32  32  31  30  30  30  32
 196 185 188 188 188 126  33  33  33  32  31  31  31  31  31  33
 188 186 188 189 186 117  16  19  13  12  15  16  13  13  13  12
 192 184 186 187 186 187 199 194 207 198 203 203 194 198 195 200
 192 184 184 186 185 187 187 188 188 189 189 187 188 186 188 188
 188 183 183 186 186 186 185 187 188 190 188 187 186 186 186 186
 193 184 183 185 186 186 187 188 188 190 187 187 190 189 187 185
 189 183 184 185 186 186 186 187 189 189 188 189 190 190 188 187
 194 184 185 185 186 184 184 184 185 185 187 189 191 192 192 186
 186 183 185 184 185 184 184 184 185 185 188 189 191 194 193 191
 188 183 185 184 185 184 184 184 184 185 187 192 192 191 194 200
 190 183 185 186 185 184 184 185 183 183 188 193 193 195 200 203
 188 182 184 184 183 184 183 184 186 185 188 193 193 200 202 200
 210 194 197 202 200 201 202 203 206 203 210 209 212 212 215 216

