  33  30  32  32  30  29  30  30  29  29  88 230 235 239 242 246
  31  33  30  29  28  29  35  31  28  31  99 240 245 246 239 247
  29  28  24  27  26  26  31  37  35  39  97 233 245 243 240 246
  34  30  26  27  31  31  30  31  33  34  89 234 236 243 239 245
  32  31  39  37  43  39  34  40  43  41 102 235 239 234 235 243
 214 206 211 214 208 210 220 219 216 218 181  55  63  69  58  63
 220 220 220 226 231 230 231 233 232 229 184  26  35  34  31  36
 231 225 227 233 238 233 232 232 230 228 182  24  31  36  32  32
 217 226 226 229 234 230 230 231 230 232 188  29  33  28  28  28
 225 227 224 226 230 230 227 227 226 226 175  25  32  31  33  32
 223 224 223 224 230 231 229 228 227 226 208 137 143 148 137 137
 224 229 228 228 231 233 234 235 235 234 233 238 241 242 241 244
 232 229 231 230 235 236 237 238 239 237 236 236 241 243 242 244
 224 227 231 231 234 235 232 232 235 236 240 235 237 239 240 244
 222 226 226 231 232 234 232 232 231 231 234 233 237 239 238 244
 222 218 227 225 230 232 219 224 231 225 230 221 223 231 224 233
  31  30  30  30  31  30  31  30  30  34  85 218 218 220 219 233
  32  30  30  30  29  29  30  31  32  33  99 221 220 221 219 231
  32  30  29  31  31  31  32  32  32  34  94 219 219 220 218 230
  33  30  33  33  33  33  31  31  33  36  87 218 217 217 220 231
  35  33  38  33  35  37  31  36  36  34 100 220 221 220 220 230
 208 198 201 207 200 205 212 206 208 210 176  54  63  69  62  64
 209 205 205 209 212 212 211 210 211 212 172  24  35  35  33  34
 222 210 210 213 214 211 213 210 210 212 173  25  34  31  32  32
 207 211 211 212 212 211 211 210 209 211 178  25  34  32  32  32
 212 207 208 210 210 210 211 211 211 211 167  26  35  35  34  33
 215 207 208 210 210 210 211 211 211 211 195 130 138 144 134 140
 213 209 211 211 212 212 213 215 215 215 216 218 218 220 219 228
 217 209 209 210 211 212 213 215 215 216 217 216 216 218 217 229
 211 210 210 210 211 212 212 213 214 214 215 214 215 216 216 228
 213 209 210 210 211 211 211 214 213 214 213 213 213 214 214 225
 214 205 211 208 207 213 203 209 213 209 212 207 206 213 207 221
  28  28  30  28  25  24  26  27  27  30  83 200 197 197 195 216
  30  29  30  29  28  28  26  27  27  29  94 198 193 194 195 212
  28  28  28  30  30  28  28  28  29  32  89 198 196 197 196 208
  29  29  30  29  29  30  28  27  30  32  81 199 196 198 195 213
  32  30  32  28  32  36  32  37  33  28  95 203 199 200 200 214
 200 185 187 193 188 192 199 194 194 197 167  50  60  65  58  62
 196 182 185 189 189 187 187 188 189 191 158  22  32  31  30  32
 208 186 189 190 191 190 191 191 191 191 157  22  31  29  30  30
 192 187 190 189 190 189 189 189 188 190 162  22  30  32  33  29
 196 186 187 188 188 189 188 189 190 190 152  24  34  32  30  29
 202 188 187 188 188 188 189 189 190 189 179 122 125 137 129 135
 200 190 188 190 191 191 191 192 193 194 194 197 196 196 196 211
 206 191 190 190 188 188 190 193 195 198 197 196 196 197 197 210
 196 190 190 190 189 188 192 195 195 195 195 193 193 195 195 208
 198 192 192 189 189 188 191 194 193 194 193 193 192 193 194 206
 204 187 192 188 188 196 188 194 196 191 195 190 190 197 190 203

 246 247 246 245 243  63  36  32  28  32 137 244 244 244 244 233
 242 239 240 239 235  58  31  32  28  33 137 241 242 240 238 224
 239 246 243 243 234  69  34  36  28  31 148 242 243 239 239 231
 235 245 245 236 239  63  35  31  33  32 143 241 241 237 237 223
 230 240 233 234 235  55  26  24  29  25 137 238 236 235 233 221
  88  99  97  89 102 181 184 182 188 175 208 233 236 240 234 230
  29  31  39  34  41 218 229 228 232 226 226 234 237 236 231 225
  29  28  35  33  43 216 232 230 230 226 227 235 239 235 231 231
  30  31  37  31  40 219 233 232 231 227 228 235 238 232 232 224
  30  35  31  30  34 220 231 232 230 227 229 234 237 232 232 219
  29  29  26  31  39 210 230 233 230 230 231 233 236 235 234 232
  30  28  26  31  43 208 231 238 234 230 230 231 235 234 232 230
  32  29  27  27  37 214 226 233 229 226 224 228 230 231 231 225
  32  30  24  26  39 211 220 227 226 224 223 228 231 231 226 227
  30  33  28  30  31 206 220 225 226 227 224 229 229 227 226 218
  33  31  29  34  32 214 220 231 217 225 223 224 232 224 222 222
 233 231 230 231 230  64  34  32  32  33 140 228 229 228 225 221
 219 219 218 220 220  62  33  32  32  34 134 219 217 216 214 207
 220 221 220 217 220  69  35  31  32  35 144 220 218 216 214 213
 218 220 219 217 221  63  35  34  34  35 138 218 216 215 213 206
 218 221 219 218 220  54  24  25  25  26 130 218 216 214 213 207
  85  99  94  87 100 176 172 173 178 167 195 216 217 215 213 212
  34  33  34  36  34 210 212 212 211 211 211 215 216 214 214 209
  30  32  32  33  36 208 211 210 209 211 211 215 215 214 213 213
  30  31  32  31  36 206 210 210 210 211 211 215 215 213 214 209
  31  30  32  31  31 212 211 213 211 211 211 213 213 212 211 203
  30  29  31  33  37 205 212 211 211 210 210 212 212 212 211 213
  31  29  31  33  35 200 212 214 212 210 210 212 211 211 211 207
  30  30  31  33  33 207 209 213 212 210 210 211 210 210 210 208
  30  30  29  33  38 201 205 210 211 208 208 211 209 210 210 211
  30  30  30  30  33 198 205 210 211 207 207 209 209 210 209 205
  31  32  32  33  35 208 209 222 207 212 215 213 217 211 213 214
 216 212 208 213 214  62  32  30  29  29 135 211 210 208 206 203
 195 195 196 195 200  58  30  30  33  30 129 196 197 195 194 190
 197 194 197 198 200  65  31  29  32  32 137 196 197 195 193 197
 197 193 196 196 199  60  32  31  30  34 125 196 196 193 192 190
 200 198 198 199 203  50  22  22  22  24 122 197 196 193 193 190
  83  94  89  81  95 167 158 157 162 152 179 194 197 195 193 195
  30  29  32  32  28 197 191 191 190 190 189 194 198 195 194 191
  27  27  29  30  33 194 189 191 188 190 190 193 195 195 193 196
  27  27  28  27  37 194 188 191 189 189 189 192 193 195 194 194
  26  26  28  28  32 199 187 191 189 188 189 191 190 192 191 188
  24  28  28  30  36 192 187 190 189 189 188 191 188 188 188 196
  25  28  30  29  32 188 189 191 190 188 188 191 188 189 189 188
  28  29  30  29  28 193 189 190 189 188 188 190 190 190 189 188
  30  30  28  30  32 187 185 189 190 187 187 188 190 190 192 192
  28  29  28  29  30 185 182 186 187 186 188 190 191 190 192 187
  28  30  28  29  32 200 196 208 192 196 202 200 206 196 198 204

 233 224 231 223 221 230 225 231 224 219 232 230 225 227 218 222
 244 238 239 237 233 234 231 231 232 232 234 232 231 226 226 222
 244 240 239 237 235 240 236 235 232 232 235 234 231 231 227 224
 244 242 243 241 236 236 237 239 238 237 236 235 230 231 229 232
 244 241 242 241 238 233 234 235 235 234 233 231 228 228 229 224
 137 137 148 143 137 208 226 227 228 229 231 230 224 223 224 223
  32  33  31  32  25 175 226 226 227 227 230 230 226 224 227 225
  28  28  28  33  29 188 232 230 231 230 230 234 229 226 226 217
  32  32  36  31  24 182 228 230 232 232 233 238 233 227 225 231
  36  31  34  35  26 184 229 232 233 231 230 231 226 220 220 220
  63  58  69  63  55 181 218 216 219 220 210 208 214 211 206 214
 243 235 234 239 235 102  41  43  40  34  39  43  37  39  31  32
 245 239 243 236 234  89  34  33  31  30  31  31  27  26  30  34
 246 240 243 245 233  97  39  35  37  31  26  26  27  24  28  29
 247 239 246 245 240  99  31  28  31  35  29  28  29  30  33  31
 246 242 239 235 230  88  29  29  30  30  29  30  32  32  30  33
 221 207 213 206 207 212 209 213 209 203 213 207 208 211 205 214
 225 214 214 213 213 213 214 213 214 211 211 211 210 210 209 213
 228 216 216 215 214 215 214 214 213 212 212 211 210 210 210 211
 229 217 218 216 216 217 216 215 215 213 212 211 210 209 209 217
 228 219 220 218 218 216 215 215 215 213 212 212 211 211 209 213
 140 134 144 138 130 195 211 211 211 211 210 210 210 208 207 215
  33  34  35  35  26 167 211 211 211 211 210 210 210 208 207 212
  32  32  32  34  25 178 211 209 210 211 211 212 212 211 211 207
  32  32  31  34  25 173 212 210 210 213 211 214 213 210 210 222
  34  33  35  35  24 172 212 211 210 211 212 212 209 205 205 209
  64  62  69  63  54 176 210 208 206 212 205 200 207 201 198 208
 230 220 220 221 220 100  34  36  36  31  37  35  33  38  33  35
 231 220 217 217 218  87  36  33  31  31  33  33  33  33  30  33
 230 218 220 219 219  94  34  32  32  32  31  31  31  29  30  32
 231 219 221 220 221  99  33  32  31  30  29  29  30  30  30  32
 233 219 220 218 218  85  34  30  30  31  30  31  30  30  30  31
 203 190 197 190 190 195 191 196 194 188 196 188 188 192 187 204
 206 194 193 192 193 193 194 193 194 191 188 189 189 192 192 198
 208 195 195 193 193 195 195 195 195 192 188 189 190 190 190 196
 210 197 197 196 196 197 198 195 193 190 188 188 190 190 191 206
 211 196 196 196 197 194 194 193 192 191 191 191 190 188 190 200
 135 129 137 125 122 179 189 190 189 189 188 188 188 187 188 202
  29  30  32  34  24 152 190 190 189 188 189 188 188 187 186 196
  29  33  32  30  22 162 190 188 189 189 189 190 189 190 187 192
  30  30  29  31  22 157 191 191 191 191 190 191 190 189 186 208
  32  30  31  32  22 158 191 189 188 187 187 189 189 185 182 196
  62  58  65  60  50 167 197 194 194 199 192 188 193 187 185 200
 214 200 200 199 203  95  28  33  37  32  36  32  28  32  30  32
 213 195 198 196 199  81  32  30  27  28  30  29  29  30  29  29
 208 196 197 196 198  89  32  29  28  28  28  30  30  28  28  28
 212 195 194 193 198  94  29  27  27  26  28  28  29  30  29  30
 216 195 197 197 200  83  30  27  27  26  24  25  28  30  28  28

 222 222 224 232 224 223 225 217 231 220 214  32  34  29  31  33
 218 226 227 229 229 224 227 226 225 220 206  31  30  28  33  30
 227 226 231 231 228 223 224 226 227 220 211  39  26  24  30  32
 225 231 231 230 228 224 226 229 233 226 214  37  27  27  29  32
 230 232 234 235 231 230 230 234 238 231 208  43  31  26  28  30
 232 234 235 236 233 231 230 230 233 230 210  39  31  26  29  29
 219 232 232 237 234 229 227 230 232 231 220  34  30  31  35  30
 224 232 232 238 235 228 227 231 232 233 219  40  31  37  31  30
 231 231 235 239 235 227 226 230 230 232 216  43  33  35  28  29
 225 231 236 237 234 226 226 232 228 229 218  41  34  39  31  29
 230 234 240 236 233 208 175 188 182 184 181 102  89  97  99  88
 221 233 235 236 238 137  25  29  24  26  55 235 234 233 240 230
 223 237 237 241 241 143  32  33  31  35  63 239 236 245 245 235
 231 239 239 243 242 148  31  28  36  34  69 234 243 243 246 239
 224 238 240 242 241 137  33  28  32  31  58 235 239 240 239 242
 233 244 244 244 244 137  32  28  32  36  63 243 245 246 247 246
 214 213 211 217 213 215 212 207 222 209 208  35  33  32  32  31
 205 209 210 209 209 207 207 211 210 205 198  33  30  30  30  30
 211 210 210 209 211 208 208 211 210 205 201  38  33  29  30  30
 208 210 210 210 211 210 210 212 213 209 207  33  33  31  30  30
 207 211 211 211 212 210 210 212 214 212 200  35  33  31  29  31
 213 211 212 212 212 210 210 211 211 212 205  37  33  31  29  30
 203 211 212 213 213 211 211 211 213 211 212  31  31  32  30  31
 209 214 213 215 215 211 211 210 210 210 206  36  31  32  31  30
 213 213 214 215 215 211 211 209 210 211 208  36  33  32  32  30
 209 214 214 216 215 211 211 211 212 212 210  34  36  34  33  34
 212 213 215 217 216 195 167 178 173 172 176 100  87  94  99  85
 207 213 214 216 218 130  26  25  25  24  54 220 218 219 221 218
 206 213 215 216 218 138  35  34  34  35  63 221 217 219 220 218
 213 214 216 218 220 144  35  32  31  35  69 220 217 220 221 220
 207 214 216 217 219 134  34  32  32  33  62 220 220 218 219 219
 221 225 228 229 228 140  33  32  32  34  64 230 231 230 231 233
 204 198 196 206 200 202 196 192 208 196 200  32  29  28  30  28
 187 192 190 191 190 188 186 187 186 182 185  30  29  28  29  28
 192 192 190 190 188 187 187 190 189 185 187  32  30  28  30  30
 188 189 190 190 190 188 188 189 190 189 193  28  29  30  29  28
 188 189 189 188 191 188 188 190 191 189 188  32  29  30  28  25
 196 188 188 188 191 188 189 189 190 187 192  36  30  28  28  24
 188 191 192 190 191 189 188 189 191 187 199  32  28  28  26  26
 194 194 195 193 192 189 189 189 191 188 194  37  27  28  27  27
 196 193 195 195 193 190 190 188 191 189 194  33  30  29  27  27
 191 194 195 198 194 189 190 190 191 191 197  28  32  32  29  30
 195 193 195 197 194 179 152 162 157 158 167  95  81  89  94  83
 190 193 193 196 197 122  24  22  22  22  50 203 199 198 198 200
 190 192 193 196 196 125  34  30  31  32  60 199 196 196 193 197
 197 193 195 197 196 137  32  32  29  31  65 200 198 197 194 197
 190 194 195 197 196 129  30  33  30  30  58 200 195 196 195 195
 203 206 208 210 211 135  29  29  30  32  62 214 213 208 212 216

