  40  43  39  34  31 119 186 179 166 166 181 167 157 174 176 115
  37  38  40  38  28 170 218 222 223 228 225 223 223 220 215 155
  40  37  41  39  28 178 219 220 219 221 224 224 224 224 217 143
  36  31  32  35  30 156 216 220 218 218 219 220 226 224 217 140
  36  36  36  36  26 162 215 221 218 216 221 217 219 220 213 159
  39  39  38  33  26 172 212 216 217 213 173 120 122 111 120  93
  31  32  34  32  26 157 208 217 215 212 149  32  35  37  37  34
  32  34  35  36  25 170 212 215 212 207 134  31  31  40  40  34
  32  35  37  41  32 178 214 216 212 209 135  29  34  37  33  33
  41  38  36  42  30 157 209 216 212 207 134  31  38  37  33  33
 129 145 148 143 134 186 211 215 215 216 179 141 166 165 157 104
 204 210 211 212 210 212 212 216 216 211 210 214 219 220 214 132
 202 203 208 212 210 209 211 217 216 215 216 216 215 217 211 139
 184 203 211 209 208 210 211 213 214 219 218 216 215 216 211 133
 194 201 205 208 207 207 206 208 209 213 212 214 213 212 210 129
 134 118 128 143 142 123 130 129 125 118 126 150 160 164 149  97
  34  32  32  35  28 105 168 163 151 149 166 159 149 164 164 103
  32  34  34  37  22 163 203 204 206 205 207 209 207 207 201 147
  34  32  33  34  25 169 202 202 203 204 207 207 208 207 199 138
  32  29  30  33  23 153 201 202 201 204 206 206 207 206 201 134
  32  32  32  32  21 160 200 203 201 201 204 204 204 203 198 151
  31  31  32  32  24 168 198 200 201 195 161 115 116 102 113  88
  33  34  31  33  25 151 197 199 199 195 138  28  35  37  37  35
  31  33  31  34  22 161 198 199 198 197 126  29  33  35  33  34
  32  34  31  33  24 168 197 199 197 194 129  30  35  34  31  34
  35  34  35  35  24 150 196 198 198 195 130  34  37  36  34  33
 123 138 134 128 122 175 195 197 197 200 172 133 153 153 139  89
 196 194 196 197 196 197 196 198 199 201 201 203 202 202 197 125
 196 192 194 196 194 193 194 196 198 199 200 201 202 201 196 134
 181 192 191 193 193 192 193 195 197 198 198 198 199 200 197 126
 190 190 190 192 191 192 191 194 194 195 195 197 198 197 194 123
 126 113 119 122 123 114 124 123 122 118 121 146 152 158 142  95
  33  32  32  32  27 105 160 149 136 140 161 154 143 159 156  91
  31  30  28  32  20 153 190 187 187 188 189 190 191 193 187 138
  31  30  28  31  23 160 186 187 190 190 190 188 190 190 184 131
  29  31  30  30  24 145 185 185 189 190 192 190 191 191 185 128
  30  30  30  30  22 152 186 185 188 187 186 189 189 188 180 142
  30  30  31  33  23 164 187 186 185 180 152 112 110  94 104  84
  29  29  29  34  24 147 187 185 183 180 129  28  35  37  36  33
  27  27  29  33  21 152 185 186 184 182 118  26  32  33  31  32
  30  32  29  32  24 160 181 182 183 185 124  28  34  32  28  32
  32  33  33  34  27 144 183 185 184 183 125  31  36  35  32  31
 121 138 128 117 112 165 183 184 184 185 164 130 149 145 131  85
 191 178 180 182 182 182 180 181 183 186 187 190 190 189 185 116
 191 181 179 180 181 179 179 181 183 185 186 188 189 188 184 127
 177 180 181 181 179 179 179 180 181 181 182 187 185 186 183 120
 184 179 178 178 178 176 175 179 179 181 181 184 182 181 179 116
 123 108 112 113 106  99 116 119 114 112 116 141 145 150 133  92

 115 155 143 140 159  93  34  34  33  33 104 132 139 133 129  97
 176 215 217 217 213 120  37  40  33  33 157 214 211 211 210 149
 174 220 224 224 220 111  37  40  37  37 165 220 217 216 212 164
 157 223 224 226 219 122  35  31  34  38 166 219 215 215 213 160
 167 223 224 220 217 120  32  31  29  31 141 214 216 216 214 150
 181 225 224 219 221 173 149 134 135 134 179 210 216 218 212 126
 166 228 221 218 216 213 212 207 209 207 216 211 215 219 213 118
 166 223 219 218 218 217 215 212 212 212 215 216 216 214 209 125
 179 222 220 220 221 216 217 215 216 216 215 216 217 213 208 129
 186 218 219 216 215 212 208 212 214 209 211 212 211 211 206 130
 119 170 178 156 162 172 157 170 178 157 186 212 209 210 207 123
  31  28  28  30  26  26  26  25  32  30 134 210 210 208 207 142
  34  38  39  35  36  33  32  36  41  42 143 212 212 209 208 143
  39  40  41  32  36  38  34  35  37  36 148 211 208 211 205 128
  43  38  37  31  36  39  32  34  35  38 145 210 203 203 201 118
  40  37  40  36  36  39  31  32  32  41 129 204 202 184 194 134
 103 147 138 134 151  88  35  34  34  33  89 125 134 126 123  95
 164 201 199 201 198 113  37  33  31  34 139 197 196 197 194 142
 164 207 207 206 203 102  37  35  34  36 153 202 201 200 197 158
 149 207 208 207 204 116  35  33  35  37 153 202 202 199 198 152
 159 209 207 206 204 115  28  29  30  34 133 203 201 198 197 146
 166 207 207 206 204 161 138 126 129 130 172 201 200 198 195 121
 149 205 204 204 201 195 195 197 194 195 200 201 199 198 195 118
 151 206 203 201 201 201 199 198 197 198 197 199 198 197 194 122
 163 204 202 202 203 200 199 199 199 198 197 198 196 195 194 123
 168 203 202 201 200 198 197 198 197 196 195 196 194 193 191 124
 105 163 169 153 160 168 151 161 168 150 175 197 193 192 192 114
  28  22  25  23  21  24  25  22  24  24 122 196 194 193 191 123
  35  37  34  33  32  32  33  34  33  35 128 197 196 193 192 122
  32  34  33  30  32  32  31  31  31  35 134 196 194 191 190 119
  32  34  32  29  32  31  34  33  34  34 138 194 192 192 190 113
  34  32  34  32  32  31  33  31  32  35 123 196 196 181 190 126
  91 138 131 128 142  84  33  32  32  31  85 116 127 120 116  92
 156 187 184 185 180 104  36  31  28  32 131 185 184 183 179 133
 159 193 190 191 188  94  37  33  32  35 145 189 188 186 181 150
 143 191 190 191 189 110  35  32  34  36 149 190 189 185 182 145
 154 190 188 190 189 112  28  26  28  31 130 190 188 187 184 141
 161 189 190 192 186 152 129 118 124 125 164 187 186 182 181 116
 140 188 190 190 187 180 180 182 185 183 185 186 185 181 181 112
 136 187 190 189 188 185 183 184 183 184 184 183 183 181 179 114
 149 187 187 185 185 186 185 186 182 185 184 181 181 180 179 119
 160 190 186 185 186 187 187 185 181 183 183 180 179 179 175 116
 105 153 160 145 152 164 147 152 160 144 165 182 179 179 176  99
  27  20  23  24  22  23  24  21  24  27 112 182 181 179 178 106
  32  32  31  30  30  33  34  33  32  34 117 182 180 181 178 113
  32  28  28  30  30  31  29  29  29  33 128 180 179 181 178 112
  32  30  30  31  30  30  29  27  32  33 138 178 181 180 179 108
  33  31  31  29  30  30  29  27  30  32 121 191 191 177 184 123

  97 149 164 160 150 126 118 125 129 130 123 142 143 128 118 134
 129 210 212 213 214 212 213 209 208 206 207 207 208 205 201 194
 133 211 216 215 216 218 219 214 213 211 210 208 209 211 203 184
 139 211 217 215 216 216 215 216 217 211 209 210 212 208 203 202
 132 214 220 219 214 210 211 216 216 212 212 210 212 211 210 204
 104 157 165 166 141 179 216 215 215 211 186 134 143 148 145 129
  33  33  37  38  31 134 207 212 216 209 157  30  42  36  38  41
  33  33  37  34  29 135 209 212 216 214 178  32  41  37  35  32
  34  40  40  31  31 134 207 212 215 212 170  25  36  35  34  32
  34  37  37  35  32 149 212 215 217 208 157  26  32  34  32  31
  93 120 111 122 120 173 213 217 216 212 172  26  33  38  39  39
 159 213 220 219 217 221 216 218 221 215 162  26  36  36  36  36
 140 217 224 226 220 219 218 218 220 216 156  30  35  32  31  36
 143 217 224 224 224 224 221 219 220 219 178  28  39  41  37  40
 155 215 220 223 223 225 228 223 222 218 170  28  38  40  38  37
 115 176 174 157 167 181 166 166 179 186 119  31  34  39  43  40
  95 142 158 152 146 121 118 122 123 124 114 123 122 119 113 126
 123 194 197 198 197 195 195 194 194 191 192 191 192 190 190 190
 126 197 200 199 198 198 198 197 195 193 192 193 193 191 192 181
 134 196 201 202 201 200 199 198 196 194 193 194 196 194 192 196
 125 197 202 202 203 201 201 199 198 196 197 196 197 196 194 196
  89 139 153 153 133 172 200 197 197 195 175 122 128 134 138 123
  33  34  36  37  34 130 195 198 198 196 150  24  35  35  34  35
  34  31  34  35  30 129 194 197 199 197 168  24  33  31  34  32
  34  33  35  33  29 126 197 198 199 198 161  22  34  31  33  31
  35  37  37  35  28 138 195 199 199 197 151  25  33  31  34  33
  88 113 102 116 115 161 195 201 200 198 168  24  32  32  31  31
 151 198 203 204 204 204 201 201 203 200 160  21  32  32  32  32
 134 201 206 207 206 206 204 201 202 201 153  23  33  30  29  32
 138 199 207 208 207 207 204 203 202 202 169  25  34  33  32  34
 147 201 207 207 209 207 205 206 204 203 163  22  37  34  34  32
 103 164 164 149 159 166 149 151 163 168 105  28  35  32  32  34
  92 133 150 145 141 116 112 114 119 116  99 106 113 112 108 123
 116 179 181 182 184 181 181 179 179 175 176 178 178 178 179 184
 120 183 186 185 187 182 181 181 180 179 179 179 181 181 180 177
 127 184 188 189 188 186 185 183 181 179 179 181 180 179 181 191
 116 185 189 190 190 187 186 183 181 180 182 182 182 180 178 191
  85 131 145 149 130 164 185 184 184 183 165 112 117 128 138 121
  31  32  35  36  31 125 183 184 185 183 144  27  34  33  33  32
  32  28  32  34  28 124 185 183 182 181 160  24  32  29  32  30
  32  31  33  32  26 118 182 184 186 185 152  21  33  29  27  27
  33  36  37  35  28 129 180 183 185 187 147  24  34  29  29  29
  84 104  94 110 112 152 180 185 186 187 164  23  33  31  30  30
 142 180 188 189 189 186 187 188 185 186 152  22  30  30  30  30
 128 185 191 191 190 192 190 189 185 185 145  24  30  30  31  29
 131 184 190 190 188 190 190 190 187 186 160  23  31  28  30  31
 138 187 193 191 190 189 188 187 187 190 153  20  32  28  30  31
  91 156 159 143 154 161 140 136 149 160 105  27  32  32  32  33

 134 194 184 202 204 129  41  32  32  31  39  36  36  40  37  40
 118 201 203 203 210 145  38  35  34  32  39  36  31  37  38  43
 128 205 211 208 211 148  36  37  35  34  38  36  32  41  40  39
 143 208 209 212 212 143  42  41  36  32  33  36  35  39  38  34
 142 207 208 210 210 134  30  32  25  26  26  26  30  28  28  31
 123 207 210 209 212 186 157 178 170 157 172 162 156 178 170 119
 130 206 211 211 212 211 209 214 212 208 212 215 216 219 218 186
 129 208 213 217 216 215 216 216 215 217 216 221 220 220 222 179
 125 209 214 216 216 215 212 212 212 215 217 218 218 219 223 166
 118 213 219 215 211 216 207 209 207 212 213 216 218 221 228 166
 126 212 218 216 210 179 134 135 134 149 173 221 219 224 225 181
 150 214 216 216 214 141  31  29  31  32 120 217 220 224 223 167
 160 213 215 215 219 166  38  34  31  35 122 219 226 224 223 157
 164 212 216 217 220 165  37  37  40  37 111 220 224 224 220 174
 149 210 211 211 214 157  33  33  40  37 120 213 217 217 215 176
  97 129 133 139 132 104  33  33  34  34  93 159 140 143 155 115
 126 190 181 196 196 123  35  32  31  33  31  32  32  34  32  34
 113 190 192 192 194 138  34  34  33  34  31  32  29  32  34  32
 119 190 191 194 196 134  35  31  31  31  32  32  30  33  34  32
 122 192 193 196 197 128  35  33  34  33  32  32  33  34  37  35
 123 191 193 194 196 122  24  24  22  25  24  21  23  25  22  28
 114 192 192 193 197 175 150 168 161 151 168 160 153 169 163 105
 124 191 193 194 196 195 196 197 198 197 198 200 201 202 203 168
 123 194 195 196 198 197 198 199 199 199 200 203 202 202 204 163
 122 194 197 198 199 197 198 197 198 199 201 201 201 203 206 151
 118 195 198 199 201 200 195 194 197 195 195 201 204 204 205 149
 121 195 198 200 201 172 130 129 126 138 161 204 206 207 207 166
 146 197 198 201 203 133  34  30  29  28 115 204 206 207 209 159
 152 198 199 202 202 153  37  35  33  35 116 204 207 208 207 149
 158 197 200 201 202 153  36  34  35  37 102 203 206 207 207 164
 142 194 197 196 197 139  34  31  33  37 113 198 201 199 201 164
  95 123 126 134 125  89  33  34  34  35  88 151 134 138 147 103
 123 184 177 191 191 121  32  30  27  29  30  30  29  31  31  33
 108 179 180 181 178 138  33  32  27  29  30  30  31  30  30  32
 112 178 181 179 180 128  33  29  29  29  31  30  30  28  28  32
 113 178 181 180 182 117  34  32  33  34  33  30  30  31  32  32
 106 178 179 181 182 112  27  24  21  24  23  22  24  23  20  27
  99 176 179 179 182 165 144 160 152 147 164 152 145 160 153 105
 116 175 179 179 180 183 183 181 185 187 187 186 185 186 190 160
 119 179 180 181 181 184 185 182 186 185 186 185 185 187 187 149
 114 179 181 183 183 184 184 183 184 183 185 188 189 190 187 136
 112 181 181 185 186 185 183 185 182 180 180 187 190 190 188 140
 116 181 182 186 187 164 125 124 118 129 152 186 192 190 189 161
 141 184 187 188 190 130  31  28  26  28 112 189 190 188 190 154
 145 182 185 189 190 149  36  34  32  35 110 189 191 190 191 143
 150 181 186 188 189 145  35  32  33  37  94 188 191 190 193 159
 133 179 183 184 185 131  32  28  31  36 104 180 185 184 187 156
  92 116 120 127 116  85  31  32  32  33  84 142 128 131 138  91

