  33  33  31  31  26 110 166 165 155 150 161 185 180 176 169 121
  29  34  36  34  32 129 208 214 217 218 220 220 223 220 220 174
  34  39  35  29  31 133 206 213 215 218 222 220 218 219 221 176
  37  41  37  36  31 138 204 213 214 217 217 218 220 221 219 174
  39  40  36  41  36 151 205 212 211 214 216 215 218 217 220 162
  85 143 159 157 155 181 201 207 208 210 190 106 120  97 106  88
 125 190 196 199 199 202 202 202 204 204 190  20  34  34  36  38
 126 192 199 201 202 200 204 204 204 204 168  22  32  31  31  30
 142 197 202 202 203 200 201 201 203 203 166  26  35  32  32  32
 154 196 203 203 203 204 205 204 204 203 175  27  37  35  36  37
 131 196 202 203 204 205 207 206 203 205 196 162 159 160 155 117
 128 201 204 205 207 211 211 212 210 212 213 211 210 212 217 162
 129 196 203 204 206 208 209 209 206 208 209 212 212 213 218 153
 137 196 202 202 204 205 207 209 208 209 210 211 212 211 215 175
 144 191 198 200 201 204 206 208 208 207 207 209 210 209 213 173
  87 119 122 119 123 105 117 130 136 143 122 118 126 126 131  99
  31  31  28  28  24 106 155 152 143 139 153 169 163 158 152 108
  31  31  29  30  26 124 195 198 200 202 202 203 204 205 204 167
  30  30  28  29  24 127 194 197 199 201 202 202 203 202 203 169
  30  30  29  30  24 133 194 197 199 201 201 202 202 204 203 165
  32  32  34  33  24 142 192 196 197 198 199 198 201 202 203 150
  85 138 155 151 145 172 189 191 192 194 179 103 116  90  97  80
 125 185 186 187 188 187 187 188 188 190 181  19  31  30  31  31
 123 186 186 187 188 185 187 188 188 189 163  20  30  29  30  29
 136 186 188 187 188 186 188 189 187 187 160  21  30  28  29  30
 146 184 186 186 186 186 187 187 187 186 169  24  35  32  33  32
 121 186 186 188 188 188 190 190 192 192 183 157 154 157 151 115
 121 185 188 190 192 193 193 194 194 196 197 198 197 198 200 154
 121 183 187 188 190 192 192 193 194 196 197 196 196 197 200 142
 132 182 185 186 188 189 191 192 193 193 194 195 196 196 198 166
 140 179 182 185 186 187 188 190 192 192 193 193 195 194 196 166
  81 110 120 118 121 104 112 121 120 121 106 107 118 118 125  94
  27  27  29  29  24 105 151 147 139 135 148 157 149 137 135  98
  26  27  27  28  25 121 184 184 186 186 183 183 184 188 188 159
  27  27  26  26  23 125 184 183 185 185 184 184 184 186 186 160
  26  28  26  26  21 129 182 181 183 186 185 184 184 186 184 154
  31  30  29  31  25 137 179 179 181 183 183 181 184 185 183 141
  85 135 149 144 136 161 175 175 177 181 171  97 109  82  87  73
 122 174 171 174 175 172 173 173 173 177 174  16  28  27  29  28
 120 175 172 174 175 175 174 172 172 173 157  18  28  27  28  27
 131 174 173 172 173 172 172 172 171 174 151  18  29  29  28  26
 140 171 172 172 172 171 172 171 172 174 158  19  31  31  29  28
 114 171 172 174 175 173 174 175 177 178 171 149 150 152 144 110
 115 174 173 174 176 178 178 179 181 183 184 184 183 183 188 146
 117 173 174 174 176 176 177 178 180 182 183 183 183 185 185 132
 128 173 172 172 174 174 175 177 179 180 181 182 183 183 182 154
 137 170 169 169 170 172 173 175 178 177 177 180 181 182 181 154
  76 102 118 114 117  98 106 116 114 114  96  99 108 117 120  89

 121 174 176 174 162  88  38  30  32  37 117 162 153 175 173  99
 169 220 221 219 220 106  36  31  32  36 155 217 218 215 213 131
 176 220 219 221 217  97  34  31  32  35 160 212 213 211 209 126
 180 223 218 220 218 120  34  32  35  37 159 210 212 212 210 126
 185 220 220 218 215 106  20  22  26  27 162 211 212 211 209 118
 161 220 222 217 216 190 190 168 166 175 196 213 209 210 207 122
 150 218 218 217 214 210 204 204 203 203 205 212 208 209 207 143
 155 217 215 214 211 208 204 204 203 204 203 210 206 208 208 136
 165 214 213 213 212 207 202 204 201 204 206 212 209 209 208 130
 166 208 206 204 205 201 202 204 201 205 207 211 209 207 206 117
 110 129 133 138 151 181 202 200 200 204 205 211 208 205 204 105
  26  32  31  31  36 155 199 202 203 203 204 207 206 204 201 123
  31  34  29  36  41 157 199 201 202 203 203 205 204 202 200 119
  31  36  35  37  36 159 196 199 202 203 202 204 203 202 198 122
  33  34  39  41  40 143 190 192 197 196 196 201 196 196 191 119
  33  29  34  37  39  85 125 126 142 154 131 128 129 137 144  87
 108 167 169 165 150  80  31  29  30  32 115 154 142 166 166  94
 152 204 203 203 203  97  31  30  29  33 151 200 200 198 196 125
 158 205 202 204 202  90  30  29  28  32 157 198 197 196 194 118
 163 204 203 202 201 116  31  30  30  35 154 197 196 196 195 118
 169 203 202 202 198 103  19  20  21  24 157 198 196 195 193 107
 153 202 202 201 199 179 181 163 160 169 183 197 197 194 193 106
 139 202 201 201 198 194 190 189 187 186 192 196 196 193 192 121
 143 200 199 199 197 192 188 188 187 187 192 194 194 193 192 120
 152 198 197 197 196 191 188 188 189 187 190 194 193 192 190 121
 155 195 194 194 192 189 187 187 188 187 190 193 192 191 188 112
 106 124 127 133 142 172 187 185 186 186 188 193 192 189 187 104
  24  26  24  24  24 145 188 188 188 186 188 192 190 188 186 121
  28  30  29  30  33 151 187 187 187 186 188 190 188 186 185 118
  28  29  28  29  34 155 186 186 188 186 186 188 187 185 182 120
  31  31  30  30  32 138 185 186 186 184 186 185 183 182 179 110
  31  31  30  30  32  85 125 123 136 146 121 121 121 132 140  81
  98 159 160 154 141  73  28  27  26  28 110 146 132 154 154  89
 135 188 186 184 183  87  29  28  28  29 144 188 185 182 181 120
 137 188 186 186 185  82  27  27  29  31 152 183 185 183 182 117
 149 184 184 184 184 109  28  28  29  31 150 183 183 183 181 108
 157 183 184 184 181  97  16  18  18  19 149 184 183 182 180  99
 148 183 184 185 183 171 174 157 151 158 171 184 183 181 177  96
 135 186 185 186 183 181 177 173 174 174 178 183 182 180 177 114
 139 186 185 183 181 177 173 172 171 172 177 181 180 179 178 114
 147 184 183 181 179 175 173 172 172 171 175 179 178 177 175 116
 151 184 184 182 179 175 173 174 172 172 174 178 177 175 173 106
 105 121 125 129 137 161 172 175 172 171 173 178 176 174 172  98
  24  25  23  21  25 136 175 175 173 172 175 176 176 174 170 117
  29  28  26  26  31 144 174 174 172 172 174 174 174 172 169 114
  29  27  26  26  29 149 171 172 173 172 172 173 174 172 169 118
  27  27  27  28  30 135 174 175 174 171 171 174 173 173 170 102
  27  26  27  26  31  85 122 120 131 140 114 115 117 128 137  76

  99 131 126 126 118 122 143 136 130 117 105 123 119 122 119  87
 173 213 209 210 209 207 207 208 208 206 204 201 200 198 191 144
 175 215 211 212 211 210 209 208 209 207 205 204 202 202 196 137
 153 218 213 212 212 209 208 206 209 209 208 206 204 203 196 129
 162 217 212 210 211 213 212 210 212 211 211 207 205 204 201 128
 117 155 160 159 162 196 205 203 206 207 205 204 203 202 196 131
  37  36  35  37  27 175 203 204 204 205 204 203 203 203 196 154
  32  32  32  35  26 166 203 203 201 201 200 203 202 202 197 142
  30  31  31  32  22 168 204 204 204 204 200 202 201 199 192 126
  38  36  34  34  20 190 204 204 202 202 202 199 199 196 190 125
  88 106  97 120 106 190 210 208 207 201 181 155 157 159 143  85
 162 220 217 218 215 216 214 211 212 205 151  36  41  36  40  39
 174 219 221 220 218 217 217 214 213 204 138  31  36  37  41  37
 176 221 219 218 220 222 218 215 213 206 133  31  29  35  39  34
 174 220 220 223 220 220 218 217 214 208 129  32  34  36  34  29
 121 169 176 180 185 161 150 155 165 166 110  26  31  31  33  33
  94 125 118 118 107 106 121 120 121 112 104 121 118 120 110  81
 166 196 194 195 193 193 192 192 190 188 187 186 185 182 179 140
 166 198 196 196 195 194 193 193 192 191 189 188 186 185 182 132
 142 200 197 196 196 197 196 194 193 192 192 190 188 187 183 121
 154 200 198 197 198 197 196 194 194 193 193 192 190 188 185 121
 115 151 157 154 157 183 192 192 190 190 188 188 188 186 186 121
  32  33  32  35  24 169 186 187 187 187 186 186 186 186 184 146
  30  29  28  30  21 160 187 187 189 188 186 188 187 188 186 136
  29  30  29  30  20 163 189 188 188 187 185 188 187 186 186 123
  31  31  30  31  19 181 190 188 188 187 187 188 187 186 185 125
  80  97  90 116 103 179 194 192 191 189 172 145 151 155 138  85
 150 203 202 201 198 199 198 197 196 192 142  24  33  34  32  32
 165 203 204 202 202 201 201 199 197 194 133  24  30  29  30  30
 169 203 202 203 202 202 201 199 197 194 127  24  29  28  30  30
 167 204 205 204 203 202 202 200 198 195 124  26  30  29  31  31
 108 152 158 163 169 153 139 143 152 155 106  24  28  28  31  31
  89 120 117 108  99  96 114 114 116 106  98 117 114 118 102  76
 154 181 182 181 180 177 177 178 175 173 172 170 169 169 170 137
 154 182 183 183 182 181 180 179 177 175 174 174 172 172 173 128
 132 185 185 183 183 183 182 180 178 177 176 176 174 174 173 117
 146 188 183 183 184 184 183 181 179 178 178 176 174 173 174 115
 110 144 152 150 149 171 178 177 175 174 173 175 174 172 171 114
  28  29  31  31  19 158 174 172 171 172 171 172 172 172 171 140
  26  28  29  29  18 151 174 171 172 172 172 173 172 173 174 131
  27  28  27  28  18 157 173 172 172 174 175 175 174 172 175 120
  28  29  27  28  16 174 177 173 173 173 172 175 174 171 174 122
  73  87  82 109  97 171 181 177 175 175 161 136 144 149 135  85
 141 183 185 184 181 183 183 181 179 179 137  25  31  29  30  31
 154 184 186 184 184 185 186 183 181 182 129  21  26  26  28  26
 160 186 186 184 184 184 185 185 183 184 125  23  26  26  27  27
 159 188 188 184 183 183 186 186 184 184 121  25  28  27  27  26
  98 135 137 149 157 148 135 139 147 151 105  24  29  29  27  27

  87 144 137 129 128 131 154 142 126 125  85  39  37  34  29  33
 119 191 196 196 201 196 196 197 192 190 143  40  41  39  34  33
 122 198 202 203 204 202 203 202 199 196 159  36  37  35  36  31
 119 200 202 204 205 203 203 202 201 199 157  41  36  29  34  31
 123 201 204 206 207 204 203 203 202 199 155  36  31  31  32  26
 105 204 205 208 211 205 204 200 200 202 181 151 138 133 129 110
 117 206 207 209 211 207 205 201 204 202 201 205 204 206 208 166
 130 208 209 209 212 206 204 201 204 202 207 212 213 213 214 165
 136 208 208 206 210 203 204 203 204 204 208 211 214 215 217 155
 143 207 209 208 212 205 203 203 204 204 210 214 217 218 218 150
 122 207 210 209 213 196 175 166 168 190 190 216 217 222 220 161
 118 209 211 212 211 162  27  26  22  20 106 215 218 220 220 185
 126 210 212 212 210 159  37  35  32  34 120 218 220 218 223 180
 126 209 211 213 212 160  35  32  31  34  97 217 221 219 220 176
 131 213 215 218 217 155  36  32  31  36 106 220 219 221 220 169
  99 173 175 153 162 117  37  32  30  38  88 162 174 176 174 121
  81 140 132 121 121 121 146 136 123 125  85  32  30  30  31  31
 110 179 182 183 185 186 184 186 186 185 138  32  30  30  31  31
 120 182 185 187 188 186 186 188 186 186 155  34  29  28  29  28
 118 185 186 188 190 188 186 187 187 187 151  33  30  29  30  28
 121 186 188 190 192 188 186 188 188 188 145  24  24  24  26  24
 104 187 189 192 193 188 186 186 185 187 172 142 133 127 124 106
 112 188 191 192 193 190 187 188 187 187 189 192 194 194 195 155
 121 190 192 193 194 190 187 189 188 188 191 196 197 197 198 152
 120 192 193 194 194 192 187 187 188 188 192 197 199 199 200 143
 121 192 193 196 196 192 186 187 189 190 194 198 201 201 202 139
 106 193 194 197 197 183 169 160 163 181 179 199 201 202 202 153
 107 193 195 196 198 157  24  21  20  19 103 198 202 202 203 169
 118 195 196 196 197 154  35  30  30  31 116 201 202 203 204 163
 118 194 196 197 198 157  32  28  29  30  90 202 204 202 205 158
 125 196 198 200 200 151  33  29  30  31  97 203 203 203 204 152
  94 166 166 142 154 115  32  30  29  31  80 150 165 169 167 108
  76 137 128 117 115 114 140 131 120 122  85  31  26  27  26  27
 102 170 173 173 174 171 171 174 175 174 135  30  28  27  27  27
 118 169 172 174 173 172 172 173 172 171 149  29  26  26  27  29
 114 169 172 174 174 174 172 172 174 174 144  31  26  26  28  29
 117 170 174 176 176 175 172 173 175 175 136  25  21  23  25  24
  98 172 174 176 178 173 171 172 175 172 161 137 129 125 121 105
 106 173 175 177 178 174 172 172 174 173 175 179 182 184 184 151
 116 175 177 178 179 175 171 172 172 173 175 179 181 183 184 147
 114 178 179 180 181 177 172 171 172 173 177 181 183 185 186 139
 114 177 180 182 183 178 174 174 173 177 181 183 186 185 186 135
  96 177 181 183 184 171 158 151 157 174 171 183 185 184 183 148
  99 180 182 183 184 149  19  18  18  16  97 181 184 184 183 157
 108 181 183 183 183 150  31  29  28  28 109 184 184 184 184 149
 117 182 183 185 183 152  31  29  27  27  82 185 186 186 188 137
 120 181 182 185 188 144  29  28  28  29  87 183 184 186 188 135
  89 154 154 132 146 110  28  26  27  28  73 141 154 160 159  98

