  34  36  37  36  38  32 169 176 172 156 169 170 162 170 172 161
  26  28  33  35  37  26 214 208 209 208 209 212 217 218 215 211
  28  28  32  36  36  17 203 204 206 208 211 213 215 219 217 216
  31  29  36  38  34  21 196 203 204 206 210 215 217 219 219 213
  25  27  28  31  32  17 206 199 201 199 206 211 215 212 213 212
  27  32  34  32  30  26 118 109  99 115  99 201 211 214 214 213
  32  30  26  29  30  33  35  37  30  37  20 199 208 213 212 215
  33  35  39  36  34  29  33  36  33  34  22 201 205 209 209 212
  34  27  32  32  30  32  32  34  36  37  25 213 208 211 212 208
  32  29  32  36  35  38  43  45  41  37  23 195 206 209 210 208
  86 141 134 147 139 151 160 148 147 150 131 203 205 207 205 209
  94 197 201 198 199 198 202 205 206 203 203 204 204 209 210 206
 100 194 202 200 201 201 204 204 204 203 204 204 204 205 206 206
  99 192 197 198 202 203 203 203 203 202 202 202 199 204 208 206
  87 191 200 200 200 202 203 201 201 200 202 203 202 203 203 204
  69 123 116 119 111 116 129 122 123 123 111 117 124 111 121 125
  27  27  28  28  30  20 148 156 155 142 156 160 149 160 163 153
  29  28  28  28  27  16 202 188 191 190 192 197 199 199 199 196
  27  28  27  28  27  15 195 187 188 190 192 196 198 200 200 200
  26  27  27  27  26  20 189 185 187 189 191 195 196 197 198 197
  25  27  28  28  28  12 202 184 185 185 189 193 196 198 197 200
  26  27  27  28  28  19 109 101  98 111  93 194 195 198 196 196
  27  28  28  27  28  29  29  31  31  34  17 195 193 196 195 196
  26  27  27  26  27  29  29  29  29  30  15 192 191 192 195 197
  27  27  28  27  28  28  29  29  30  30  17 201 192 192 194 194
  26  32  31  30  31  31  33  33  34  33  17 187 191 192 192 193
  80 126 128 142 129 139 147 132 136 144 124 190 191 192 192 192
  88 187 185 183 186 189 189 189 189 191 190 189 190 191 191 192
  99 184 185 185 186 186 188 188 188 188 189 191 190 190 190 192
 100 184 182 184 185 186 186 187 187 188 188 187 188 189 189 192
  85 183 182 183 182 184 185 185 185 186 186 185 185 186 186 190
  60 109 105 116 108 110 111 103 111 117 107 115 115  99 112 122
  26  26  26  25  27  17 137 145 147 136 153 150 135 155 158 148
  26  26  26  27  27  14 193 174 175 178 180 184 184 185 184 185
  25  26  26  27  24  11 190 176 175 177 179 185 185 184 184 187
  24  25  26  26  25  18 184 174 172 176 178 183 184 185 183 185
  23  25  25  24  24  10 197 172 170 173 177 181 184 182 184 188
  25  26  25  25  25  17 101  90  93 107  87 185 184 182 183 185
  25  25  24  26  27  28  26  27  27  32  15 190 184 180 182 187
  24  24  25  26  26  27  26  27  28  28  12 185 183 181 183 182
  25  25  26  26  26  27  27  27  28  29  14 193 180 180 182 185
  26  29  27  29  29  30  30  30  30  32  14 179 180 181 181 184
  78 121 123 139 124 127 136 121 132 141 120 185 179 181 180 184
  86 178 174 174 176 176 177 176 177 178 180 180 179 180 181 184
  96 178 173 173 175 175 176 177 177 179 178 176 179 179 180 184
  98 178 174 176 174 175 175 176 176 176 176 177 176 178 179 183
  83 175 169 174 173 172 173 174 174 173 174 175 174 175 175 179
  58 104  96 113 106 105 107  93  99 112 104 111 112  93 103 118

 161 211 216 213 212 213 215 212 208 208 209 206 206 206 204 125
 172 215 217 219 213 214 212 209 212 210 205 210 206 208 203 121
 170 218 219 219 212 214 213 209 211 209 207 209 205 204 203 111
 162 217 215 217 215 211 208 205 208 206 205 204 204 199 202 124
 170 212 213 215 211 201 199 201 213 195 203 204 204 202 203 117
 169 209 211 210 206  99  20  22  25  23 131 203 204 202 202 111
 156 208 208 206 199 115  37  34  37  37 150 203 203 202 200 123
 172 209 206 204 201  99  30  33  36  41 147 206 204 203 201 123
 176 208 204 203 199 109  37  36  34  45 148 205 204 203 201 122
 169 214 203 196 206 118  35  33  32  43 160 202 204 203 203 129
  32  26  17  21  17  26  33  29  32  38 151 198 201 203 202 116
  38  37  36  34  32  30  30  34  30  35 139 199 201 202 200 111
  36  35  36  38  31  32  29  36  32  36 147 198 200 198 200 119
  37  33  32  36  28  34  26  39  32  32 134 201 202 197 200 116
  36  28  28  29  27  32  30  35  27  29 141 197 194 192 191 123
  34  26  28  31  25  27  32  33  34  32  86  94 100  99  87  69
 153 196 200 197 200 196 196 197 194 193 192 192 192 192 190 122
 163 199 200 198 197 196 195 195 194 192 192 191 190 189 186 112
 160 199 200 197 198 198 196 192 192 192 192 191 190 189 186  99
 149 199 198 196 196 195 193 191 192 191 191 190 190 188 185 115
 160 197 196 195 193 194 195 192 201 187 190 189 191 187 185 115
 156 192 192 191 189  93  17  15  17  17 124 190 189 188 186 107
 142 190 190 189 185 111  34  30  30  33 144 191 188 188 186 117
 155 191 188 187 185  98  31  29  30  34 136 189 188 187 185 111
 156 188 187 185 184 101  31  29  29  33 132 189 188 187 185 103
 148 202 195 189 202 109  29  29  29  33 147 189 188 186 185 111
  20  16  15  20  12  19  29  29  28  31 139 189 186 186 184 110
  30  27  27  26  28  28  28  27  28  31 129 186 186 185 182 108
  28  28  28  27  28  28  27  26  27  30 142 183 185 184 183 116
  28  28  27  27  28  27  28  27  28  31 128 185 185 182 182 105
  27  28  28  27  27  27  28  27  27  32 126 187 184 184 183 109
  27  29  27  26  25  26  27  26  27  26  80  88  99 100  85  60
 148 185 187 185 188 185 187 182 185 184 184 184 184 183 179 118
 158 184 184 183 184 183 182 183 182 181 180 181 180 179 175 103
 155 185 184 185 182 182 180 181 180 181 181 180 179 178 175  93
 135 184 185 184 184 184 184 183 180 180 179 179 179 176 174 112
 150 184 185 183 181 185 190 185 193 179 185 180 176 177 175 111
 153 180 179 178 177  87  15  12  14  14 120 180 178 176 174 104
 136 178 177 176 173 107  32  28  29  32 141 178 179 176 173 112
 147 175 175 172 170  93  27  28  28  30 132 177 177 176 174  99
 145 174 176 174 172  90  27  27  27  30 121 176 177 176 174  93
 137 193 190 184 197 101  26  26  27  30 136 177 176 175 173 107
  17  14  11  18  10  17  28  27  27  30 127 176 175 175 172 105
  27  27  24  25  24  25  27  26  26  29 124 176 175 174 173 106
  25  27  27  26  24  25  26  26  26  29 139 174 173 176 174 113
  26  26  26  26  25  25  24  25  26  27 123 174 173 174 169  96
  26  26  26  25  25  26  25  24  25  29 121 178 178 178 175 104
  26  26  25  24  23  25  25  24  25  26  78  86  96  98  83  58

 125 121 111 124 117 111 123 123 122 129 116 111 119 116 123  69
 204 203 203 202 203 202 200 201 201 203 202 200 200 200 191  87
 206 208 204 199 202 202 202 203 203 203 203 202 198 197 192  99
 206 206 205 204 204 204 203 204 204 204 201 201 200 202 194 100
 206 210 209 204 204 203 203 206 205 202 198 199 198 201 197  94
 209 205 207 205 203 131 150 147 148 160 151 139 147 134 141  86
 208 210 209 206 195  23  37  41  45  43  38  35  36  32  29  32
 208 212 211 208 213  25  37  36  34  32  32  30  32  32  27  34
 212 209 209 205 201  22  34  33  36  33  29  34  36  39  35  33
 215 212 213 208 199  20  37  30  37  35  33  30  29  26  30  32
 213 214 214 211 201  99 115  99 109 118  26  30  32  34  32  27
 212 213 212 215 211 206 199 201 199 206  17  32  31  28  27  25
 213 219 219 217 215 210 206 204 203 196  21  34  38  36  29  31
 216 217 219 215 213 211 208 206 204 203  17  36  36  32  28  28
 211 215 218 217 212 209 208 209 208 214  26  37  35  33  28  26
 161 172 170 162 170 169 156 172 176 169  32  38  36  37  36  34
 122 112  99 115 115 107 117 111 103 111 110 108 116 105 109  60
 190 186 186 185 185 186 186 185 185 185 184 182 183 182 183  85
 192 189 189 188 187 188 188 187 187 186 186 185 184 182 184 100
 192 190 190 190 191 189 188 188 188 188 186 186 185 185 184  99
 192 191 191 190 189 190 191 189 189 189 189 186 183 185 187  88
 192 192 192 191 190 124 144 136 132 147 139 129 142 128 126  80
 193 192 192 191 187  17  33  34  33  33  31  31  30  31  32  26
 194 194 192 192 201  17  30  30  29  29  28  28  27  28  27  27
 197 195 192 191 192  15  30  29  29  29  29  27  26  27  27  26
 196 195 196 193 195  17  34  31  31  29  29  28  27  28  28  27
 196 196 198 195 194  93 111  98 101 109  19  28  28  27  27  26
 200 197 198 196 193 189 185 185 184 202  12  28  28  28  27  25
 197 198 197 196 195 191 189 187 185 189  20  26  27  27  27  26
 200 200 200 198 196 192 190 188 187 195  15  27  28  27  28  27
 196 199 199 199 197 192 190 191 188 202  16  27  28  28  28  29
 153 163 160 149 160 156 142 155 156 148  20  30  28  28  27  27
 118 103  93 112 111 104 112  99  93 107 105 106 113  96 104  58
 179 175 175 174 175 174 173 174 174 173 172 173 174 169 175  83
 183 179 178 176 177 176 176 176 176 175 175 174 176 174 178  98
 184 180 179 179 176 178 179 177 177 176 175 175 173 173 178  96
 184 181 180 179 180 180 178 177 176 177 176 176 174 174 178  86
 184 180 181 179 185 120 141 132 121 136 127 124 139 123 121  78
 184 181 181 180 179  14  32  30  30  30  30  29  29  27  29  26
 185 182 180 180 193  14  29  28  27  27  27  26  26  26  25  25
 182 183 181 183 185  12  28  28  27  26  27  26  26  25  24  24
 187 182 180 184 190  15  32  27  27  26  28  27  26  24  25  25
 185 183 182 184 185  87 107  93  90 101  17  25  25  25  26  25
 188 184 182 184 181 177 173 170 172 197  10  24  24  25  25  23
 185 183 185 184 183 178 176 172 174 184  18  25  26  26  25  24
 187 184 184 185 185 179 177 175 176 190  11  24  27  26  26  25
 185 184 185 184 184 180 178 175 174 193  14  27  27  26  26  26
 148 158 155 135 150 153 136 147 145 137  17  27  25  26  26  26

  69  87  99 100  94  86  32  34  33  32  27  25  31  28  26  34
 123 191 192 194 197 141  29  27  35  30  32  27  29  28  28  36
 116 200 197 202 201 134  32  32  39  26  34  28  36  32  33  37
 119 200 198 200 198 147  36  32  36  29  32  31  38  36  35  36
 111 200 202 201 199 139  35  30  34  30  30  32  34  36  37  38
 116 202 203 201 198 151  38  32  29  33  26  17  21  17  26  32
 129 203 203 204 202 160  43  32  33  35 118 206 196 203 214 169
 122 201 203 204 205 148  45  34  36  37 109 199 203 204 208 176
 123 201 203 204 206 147  41  36  33  30  99 201 204 206 209 172
 123 200 202 203 203 150  37  37  34  37 115 199 206 208 208 156
 111 202 202 204 203 131  23  25  22  20  99 206 210 211 209 169
 117 203 202 204 204 203 195 213 201 199 201 211 215 213 212 170
 124 202 199 204 204 205 206 208 205 208 211 215 217 215 217 162
 111 203 204 205 209 207 209 211 209 213 214 212 219 219 218 170
 121 203 208 206 210 205 210 212 209 212 214 213 219 217 215 172
 125 204 206 206 206 209 208 208 212 215 213 212 213 216 211 161
  60  85 100  99  88  80  26  27  26  27  26  25  26  27  29  27
 109 183 184 184 187 126  32  27  27  28  27  27  27  28  28  27
 105 182 182 185 185 128  31  28  27  28  27  28  27  27  28  28
 116 183 184 185 183 142  30  27  26  27  28  28  27  28  28  28
 108 182 185 186 186 129  31  28  27  28  28  28  26  27  27  30
 110 184 186 186 189 139  31  28  29  29  19  12  20  15  16  20
 111 185 186 188 189 147  33  29  29  29 109 202 189 195 202 148
 103 185 187 188 189 132  33  29  29  31 101 184 185 187 188 156
 111 185 187 188 189 136  34  30  29  31  98 185 187 188 191 155
 117 186 188 188 191 144  33  30  30  34 111 185 189 190 190 142
 107 186 188 189 190 124  17  17  15  17  93 189 191 192 192 156
 115 185 187 191 189 190 187 201 192 195 194 193 195 196 197 160
 115 185 188 190 190 191 191 192 191 193 195 196 196 198 199 149
  99 186 189 190 191 192 192 192 192 196 198 198 197 200 199 160
 112 186 189 190 191 192 192 194 195 195 196 197 198 200 199 163
 122 190 192 192 192 192 193 194 197 196 196 200 197 200 196 153
  58  83  98  96  86  78  26  25  24  25  25  23  24  25  26  26
 104 175 178 178 178 121  29  25  24  25  26  25  25  26  26  26
  96 169 174 173 174 123  27  26  25  24  25  25  26  26  26  26
 113 174 176 173 174 139  29  26  26  26  25  24  26  27  27  25
 106 173 174 175 176 124  29  26  26  27  25  24  25  24  27  27
 105 172 175 175 176 127  30  27  27  28  17  10  18  11  14  17
 107 173 175 176 177 136  30  27  26  26 101 197 184 190 193 137
  93 174 176 177 176 121  30  27  27  27  90 172 174 176 174 145
  99 174 176 177 177 132  30  28  28  27  93 170 172 175 175 147
 112 173 176 179 178 141  32  29  28  32 107 173 176 177 178 136
 104 174 176 178 180 120  14  14  12  15  87 177 178 179 180 153
 111 175 177 176 180 185 179 193 185 190 185 181 183 185 184 150
 112 174 176 179 179 179 180 180 183 184 184 184 184 185 184 135
  93 175 178 179 180 181 181 180 181 180 182 182 185 184 185 155
 103 175 179 180 181 180 181 182 183 182 183 184 183 184 184 158
 118 179 183 184 184 184 184 185 182 187 185 188 185 187 185 148

