  28  34  34  33  28  22  21  25  28  32  83 161 164 169 158 123
  31  32  31  29  29  31  28  28  28  32 100 195 199 203 203 151
  34  33  29  31  33  34  33  29  28  29  93 200 199 202 204 147
  26  24  27  37  33  29  29  29  28  29 100 199 200 201 203 146
  24  26  35  36  33  27  32  31  29  33 103 196 201 199 197 140
 102 146 142 146 143 148 147 141 154 155 158 193 198 197 195 143
 137 186 189 189 190 188 187 188 185 186 194 197 199 196 193 135
 136 183 188 191 189 185 184 185 186 190 197 195 197 195 192 142
 134 187 190 190 190 184 184 186 189 189 195 194 193 193 195 147
 138 186 189 189 189 187 184 184 187 190 195 195 193 194 193 141
 140 185 187 188 184 186 184 181 185 186 188 193 192 188 190 137
 140 181 184 186 186 182 186 189 193 194 193 195 194 193 190 139
 132 179 182 185 186 186 187 182 192 195 194 194 192 190 190 145
 140 177 185 189 191 191 190 186 186 193 193 194 192 192 190 140
 134 175 180 182 185 188 189 191 189 188 190 195 194 193 190 131
  84 116 117 108 117 138 151 143 139 144 144 144 145 135 133 104
  28  27  27  27  26  28  30  28  28  28  82 153 155 160 150 118
  28  27  27  29  28  28  29  28  29  28  98 188 187 188 188 141
  27  28  27  28  28  27  28  27  30  29  89 189 186 188 188 139
  28  30  28  30  29  28  29  29  30  28  95 188 186 186 186 138
  27  28  29  29  29  29  32  28  31  31  97 186 186 185 187 137
  96 138 132 132 135 145 139 134 143 141 150 183 184 184 184 132
 134 175 177 179 178 178 176 176 177 178 182 184 183 182 183 132
 131 177 178 180 178 174 173 174 176 177 182 183 183 182 180 139
 128 176 176 177 177 173 173 173 177 177 181 183 183 182 181 138
 136 174 176 176 177 172 172 172 174 176 182 183 182 182 180 137
 136 172 173 174 177 171 172 172 175 176 181 182 182 181 180 128
 135 171 172 173 175 174 174 175 177 179 182 181 180 179 178 135
 131 169 170 172 173 177 176 177 178 181 180 182 180 179 178 139
 134 167 169 170 171 174 174 176 177 181 182 182 180 180 178 133
 125 163 167 169 170 170 174 176 176 177 180 182 182 179 179 131
  81 101 108 100 106 133 138 137 138 135 138 136 133 125 131 100
  24  22  22  21  21  22  24  23  23  24  79 141 144 151 141 111
  24  24  24  25  23  24  24  23  24  24  92 176 172 173 171 128
  24  24  26  24  22  23  24  25  24  24  85 177 175 174 175 129
  22  24  24  26  25  24  22  25  25  24  92 177 176 174 169 129
  24  26  25  26  28  27  24  27  26  27  92 172 172 173 172 126
  92 130 123 123 125 137 130 128 133 132 139 172 172 173 172 122
 129 162 160 162 162 163 162 165 164 163 166 170 166 168 172 124
 126 162 163 165 164 160 159 160 163 163 168 171 170 169 170 132
 123 160 162 163 163 159 159 159 159 160 168 170 170 170 169 130
 134 160 160 162 163 159 158 157 159 162 168 170 168 167 167 129
 130 158 160 161 162 158 158 156 160 164 169 169 170 169 168 117
 129 155 159 159 161 160 162 160 162 166 167 169 169 168 167 129
 127 155 156 157 158 161 165 164 166 168 167 169 168 167 167 130
 128 156 156 155 157 159 161 165 165 167 167 169 168 168 167 122
 120 151 153 153 157 157 158 159 164 166 169 171 170 169 169 124
  78  94 103  95  99 127 126 125 128 127 129 126 120 116 125  95

 123 151 147 146 140 143 135 142 147 141 137 139 145 140 131 104
 158 203 204 203 197 195 193 192 195 193 190 190 190 190 190 133
 169 203 202 201 199 197 196 195 193 194 188 193 190 192 193 135
 164 199 199 200 201 198 199 197 193 193 192 194 192 192 194 145
 161 195 200 199 196 193 197 195 194 195 193 195 194 194 195 144
  83 100  93 100 103 158 194 197 195 195 188 193 194 193 190 144
  32  32  29  29  33 155 186 190 189 190 186 194 195 193 188 144
  28  28  28  28  29 154 185 186 189 187 185 193 192 186 189 139
  25  28  29  29  31 141 188 185 186 184 181 189 182 186 191 143
  21  28  33  29  32 147 187 184 184 184 184 186 187 190 189 151
  22  31  34  29  27 148 188 185 184 187 186 182 186 191 188 138
  28  29  33  33  33 143 190 189 190 189 184 186 186 191 185 117
  33  29  31  37  36 146 189 191 190 189 188 186 185 189 182 108
  34  31  29  27  35 142 189 188 190 189 187 184 182 185 180 117
  34  32  33  24  26 146 186 183 187 186 185 181 179 177 175 116
  28  31  34  26  24 102 137 136 134 138 140 140 132 140 134  84
 118 141 139 138 137 132 132 139 138 137 128 135 139 133 131 100
 150 188 188 186 187 184 183 180 181 180 180 178 178 178 179 131
 160 188 188 186 185 184 182 182 182 182 181 179 179 180 179 125
 155 187 186 186 186 184 183 183 183 182 182 180 180 180 182 133
 153 188 189 188 186 183 184 183 183 183 182 181 182 182 182 136
  82  98  89  95  97 150 182 182 181 182 181 182 180 182 180 138
  28  28  29  28  31 141 178 177 177 176 176 179 181 181 177 135
  28  29  30  30  31 143 177 176 177 174 175 177 178 177 176 138
  28  28  27  29  28 134 176 174 173 172 172 175 177 176 176 137
  30  29  28  29  32 139 176 173 173 172 172 174 176 174 174 138
  28  28  27  28  29 145 178 174 173 172 171 174 177 174 170 133
  26  28  28  29  29 135 178 178 177 177 177 175 173 171 170 106
  27  29  28  30  29 132 179 180 177 176 174 173 172 170 169 100
  27  27  27  28  29 132 177 178 176 176 173 172 170 169 167 108
  27  27  28  30  28 138 175 177 176 174 172 171 169 167 163 101
  28  28  27  28  27  96 134 131 128 136 136 135 131 134 125  81
 111 128 129 129 126 122 124 132 130 129 117 129 130 122 124  95
 141 171 175 169 172 172 172 170 169 167 168 167 167 167 169 125
 151 173 174 174 173 173 168 169 170 167 169 168 167 168 169 116
 144 172 175 176 172 172 166 170 170 168 170 169 168 168 170 120
 141 176 177 177 172 172 170 171 170 170 169 169 169 169 171 126
  79  92  85  92  92 139 166 168 168 168 169 167 167 167 169 129
  24  24  24  24  27 132 163 163 160 162 164 166 168 167 166 127
  23  24  24  25  26 133 164 163 159 159 160 162 166 165 164 128
  23  23  25  25  27 128 165 160 159 157 156 160 164 165 159 125
  24  24  24  22  24 130 162 159 159 158 158 162 165 161 158 126
  22  24  23  24  27 137 163 160 159 159 158 160 161 159 157 127
  21  23  22  25  28 125 162 164 163 163 162 161 158 157 157  99
  21  25  24  26  26 123 162 165 163 162 161 159 157 155 153  95
  22  24  26  24  25 123 160 163 162 160 160 159 156 156 153 103
  22  24  24  24  26 130 162 162 160 160 158 155 155 156 151  94
  24  24  24  22  24  92 129 126 123 134 130 129 127 128 120  78

 104 133 135 145 144 144 144 139 143 151 138 117 108 117 116  84
 131 190 193 194 195 190 188 189 191 189 188 185 182 180 175 134
 140 190 192 192 194 193 193 186 186 190 191 191 189 185 177 140
 145 190 190 192 194 194 195 192 182 187 186 186 185 182 179 132
 139 190 193 194 195 193 194 193 189 186 182 186 186 184 181 140
 137 190 188 192 193 188 186 185 181 184 186 184 188 187 185 140
 141 193 194 193 195 195 190 187 184 184 187 189 189 189 186 138
 147 195 193 193 194 195 189 189 186 184 184 190 190 190 187 134
 142 192 195 197 195 197 190 186 185 184 185 189 191 188 183 136
 135 193 196 199 197 194 186 185 188 187 188 190 189 189 186 137
 143 195 197 198 193 158 155 154 141 147 148 143 146 142 146 102
 140 197 199 201 196 103  33  29  31  32  27  33  36  35  26  24
 146 203 201 200 199 100  29  28  29  29  29  33  37  27  24  26
 147 204 202 199 200  93  29  28  29  33  34  33  31  29  33  34
 151 203 203 199 195 100  32  28  28  28  31  29  29  31  32  31
 123 158 169 164 161  83  32  28  25  21  22  28  33  34  34  28
 100 131 125 133 136 138 135 138 137 138 133 106 100 108 101  81
 131 179 179 182 182 180 177 176 176 174 170 170 169 167 163 125
 133 178 180 180 182 182 181 177 176 174 174 171 170 169 167 134
 139 178 179 180 182 180 181 178 177 176 177 173 172 170 169 131
 135 178 179 180 181 182 179 177 175 174 174 175 173 172 171 135
 128 180 181 182 182 181 176 175 172 172 171 177 174 173 172 136
 137 180 182 182 183 182 176 174 172 172 172 177 176 176 174 136
 138 181 182 183 183 181 177 177 173 173 173 177 177 176 176 128
 139 180 182 183 183 182 177 176 174 173 174 178 180 178 177 131
 132 183 182 183 184 182 178 177 176 176 178 178 179 177 175 134
 132 184 184 184 183 150 141 143 134 139 145 135 132 132 138  96
 137 187 185 186 186  97  31  31  28  32  29  29  29  29  28  27
 138 186 186 186 188  95  28  30  29  29  28  29  30  28  30  28
 139 188 188 186 189  89  29  30  27  28  27  28  28  27  28  27
 141 188 188 187 188  98  28  29  28  29  28  28  29  27  27  28
 118 150 160 155 153  82  28  28  28  30  28  26  27  27  27  28
  95 125 116 120 126 129 127 128 125 126 127  99  95 103  94  78
 124 169 169 170 171 169 166 164 159 158 157 157 153 153 151 120
 122 167 168 168 169 167 167 165 165 161 159 157 155 156 156 128
 130 167 167 168 169 167 168 166 164 165 161 158 157 156 155 127
 129 167 168 169 169 167 166 162 160 162 160 161 159 159 155 129
 117 168 169 170 169 169 164 160 156 158 158 162 161 160 158 130
 129 167 167 168 170 168 162 159 157 158 159 163 162 160 160 134
 130 169 170 170 170 168 160 159 159 159 159 163 163 162 160 123
 132 170 169 170 171 168 163 163 160 159 160 164 165 163 162 126
 124 172 168 166 170 166 163 164 165 162 163 162 162 160 162 129
 122 172 173 172 172 139 132 133 128 130 137 125 123 123 130  92
 126 172 173 172 172  92  27  26  27  24  27  28  26  25  26  24
 129 169 174 176 177  92  24  25  25  22  24  25  26  24  24  22
 129 175 174 175 177  85  24  24  25  24  23  22  24  26  24  24
 128 171 173 172 176  92  24  24  23  24  24  23  25  24  24  24
 111 141 151 144 141  79  24  23  23  24  22  21  21  22  22  24

  84 134 140 132 140 140 138 134 136 137 102  24  26  34  31  28
 116 175 177 179 181 185 186 187 183 186 146  26  24  33  32  34
 117 180 185 182 184 187 189 190 188 189 142  35  27  29  31  34
 108 182 189 185 186 188 189 190 191 189 146  36  37  31  29  33
 117 185 191 186 186 184 189 190 189 190 143  33  33  33  29  28
 138 188 191 186 182 186 187 184 185 188 148  27  29  34  31  22
 151 189 190 187 186 184 184 184 184 187 147  32  29  33  28  21
 143 191 186 182 189 181 184 186 185 188 141  31  29  29  28  25
 139 189 186 192 193 185 187 189 186 185 154  29  28  28  28  28
 144 188 193 195 194 186 190 189 190 186 155  33  29  29  32  32
 144 190 193 194 193 188 195 195 197 194 158 103 100  93 100  83
 144 195 194 194 195 193 195 194 195 197 193 196 199 200 195 161
 145 194 192 192 194 192 193 193 197 199 198 201 200 199 199 164
 135 193 192 190 193 188 194 193 195 196 197 199 201 202 203 169
 133 190 190 190 190 190 193 195 192 193 195 197 203 204 203 158
 104 131 140 145 139 137 141 147 142 135 143 140 146 147 151 123
  81 125 134 131 135 136 136 128 131 134  96  27  28  27  28  28
 101 163 167 169 171 172 174 176 177 175 138  28  30  28  27  27
 108 167 169 170 172 173 176 176 178 177 132  29  28  27  27  27
 100 169 170 172 173 174 176 177 180 179 132  29  30  28  29  27
 106 170 171 173 175 177 177 177 178 178 135  29  29  28  28  26
 133 170 174 177 174 171 172 173 174 178 145  29  28  27  28  28
 138 174 174 176 174 172 172 173 173 176 139  32  29  28  29  30
 137 176 176 177 175 172 172 173 174 176 134  28  29  27  28  28
 138 176 177 178 177 175 174 177 176 177 143  31  30  30  29  28
 135 177 181 181 179 176 176 177 177 178 141  31  28  29  28  28
 138 180 182 180 182 181 182 181 182 182 150  97  95  89  98  82
 136 182 182 182 181 182 183 183 183 184 183 186 188 189 188 153
 133 182 180 180 180 182 182 183 183 183 184 186 186 186 187 155
 125 179 180 179 179 181 182 182 182 182 184 185 186 188 188 160
 131 179 178 178 178 180 180 181 180 183 184 187 186 188 188 150
 100 131 133 139 135 128 137 138 139 132 132 137 138 139 141 118
  78 120 128 127 129 130 134 123 126 129  92  24  22  24  24  24
  94 151 156 155 155 158 160 160 162 162 130  26  24  24  24  22
 103 153 156 156 159 160 160 162 163 160 123  25  24  26  24  22
  95 153 155 157 159 161 162 163 165 162 123  26  26  24  25  21
  99 157 157 158 161 162 163 163 164 162 125  28  25  22  23  21
 127 157 159 161 160 158 159 159 160 163 137  27  24  23  24  22
 126 158 161 165 162 158 158 159 159 162 130  24  22  24  24  24
 125 159 165 164 160 156 157 159 160 165 128  27  25  25  23  23
 128 164 165 166 162 160 159 159 163 164 133  26  25  24  24  23
 127 166 167 168 166 164 162 160 163 163 132  27  24  24  24  24
 129 169 167 167 167 169 168 168 168 166 139  92  92  85  92  79
 126 171 169 169 169 169 170 170 171 170 172 172 177 177 176 141
 120 170 168 168 169 170 168 170 170 166 172 172 176 175 172 144
 116 169 168 167 168 169 167 170 169 168 173 173 174 174 173 151
 125 169 167 167 167 168 167 169 170 172 172 172 169 175 171 141
  95 124 122 130 129 117 129 130 132 124 122 126 129 129 128 111

