  44  36  39  38  32  35  39  35  33  35 106 160 156 149 142 118
  35  36  41  39  35  34  38  31  38  29 156 228 230 224 220 155
  35  35  37  36  39  39  38  34  37  30 148 226 230 226 218 148
  36  33  37  39  36  37  40  37  42  34 158 229 234 229 219 153
  40  37  36  38  37  39  44  36  36  26 143 228 232 233 226 142
 156 160 155 146 158  87  46  46  47  36 147 220 228 225 224 153
 187 204 205 206 217  97  41  42  42  31 135 214 221 220 221 141
 194 204 206 207 212  95  42  42  41  34 148 212 217 218 218 154
 181 201 203 205 209  97  47  45  43  35 135 214 217 217 219 145
 196 206 205 206 213 100  39  42  46  31 139 209 216 219 220 162
 177 202 206 208 210 159 136 146 136 133 167 208 215 218 217 157
 193 208 211 211 211 213 214 215 216 217 220 218 217 221 221 154
 187 207 210 211 213 212 219 223 222 220 221 220 220 220 217 149
 187 205 209 211 212 215 219 218 217 214 218 219 220 218 213 156
 184 203 203 207 210 212 215 216 214 212 214 217 219 217 214 151
 126 143 154 167 150 162 167 171 175 148 149 158 162 164 147 108
  35  34  36  35  36  37  35  34  36  29  96 150 140 138 133 106
  33  32  32  32  34  33  34  35  35  28 152 212 212 206 202 139
  32  33  33  32  33  33  34  34  36  26 142 211 213 209 203 134
  34  34  33  33  34  34  35  33  36  27 149 211 214 210 203 141
  34  35  32  34  35  35  35  34  36  25 140 210 213 213 207 129
 147 144 134 125 146  76  36  36  36  27 141 206 209 209 209 143
 181 191 194 193 201  86  34  36  37  28 131 201 204 204 206 136
 186 189 190 191 201  88  36  37  37  28 139 201 202 203 203 146
 174 188 188 190 198  88  34  36  36  30 127 200 200 202 203 135
 188 187 189 190 198  93  37  38  37  28 136 195 200 202 202 146
 171 189 190 191 194 148 127 129 121 124 162 198 200 202 203 143
 186 192 194 195 196 199 199 201 202 202 202 203 205 205 204 148
 178 192 192 193 195 198 199 200 201 200 202 204 204 203 201 143
 182 189 192 193 194 196 196 199 200 199 201 202 203 203 201 146
 179 187 187 190 193 194 196 196 196 197 199 200 201 201 199 140
 124 137 145 153 133 142 150 160 167 139 144 153 155 155 139 101
  31  28  30  30  31  32  31  30  31  29  92 145 136 129 120  96
  29  29  30  30  32  32  31  30  31  25 146 195 190 185 182 128
  27  30  31  29  30  30  32  30  29  20 137 197 194 191 184 121
  27  27  27  27  29  30  32  30  30  21 141 193 195 192 184 130
  28  32  30  32  31  31  31  30  31  21 130 194 194 193 188 117
 140 135 123 117 141  72  32  32  32  24 137 190 189 189 190 132
 172 174 172 171 183  79  30  32  32  25 127 186 184 185 187 124
 174 172 173 175 181  80  30  33  32  23 133 189 184 185 186 136
 165 173 172 174 182  84  30  33  32  23 116 182 182 184 185 126
 180 170 168 171 181  85  33  32  32  23 130 181 181 184 184 136
 163 172 171 172 175 136 121 116 101 106 150 183 183 184 185 132
 178 175 177 177 178 182 182 184 185 185 186 184 185 186 185 137
 166 176 177 178 179 180 182 182 182 180 183 184 185 185 187 133
 174 171 174 176 176 177 177 179 182 184 183 184 185 185 186 136
 171 172 173 175 175 174 176 177 178 178 179 182 183 182 182 129
 117 130 137 143 122 131 138 145 152 131 136 145 147 145 131  95

 118 155 148 153 142 153 141 154 145 162 157 154 149 156 151 108
 142 220 218 219 226 224 221 218 219 220 217 221 217 213 214 147
 149 224 226 229 233 225 220 218 217 219 218 221 220 218 217 164
 156 230 230 234 232 228 221 217 217 216 215 217 220 220 219 162
 160 228 226 229 228 220 214 212 214 209 208 218 220 219 217 158
 106 156 148 158 143 147 135 148 135 139 167 220 221 218 214 149
  35  29  30  34  26  36  31  34  35  31 133 217 220 214 212 148
  33  38  37  42  36  47  42  41  43  46 136 216 222 217 214 175
  35  31  34  37  36  46  42  42  45  42 146 215 223 218 216 171
  39  38  38  40  44  46  41  42  47  39 136 214 219 219 215 167
  35  34  39  37  39  87  97  95  97 100 159 213 212 215 212 162
  32  35  39  36  37 158 217 212 209 213 210 211 213 212 210 150
  38  39  36  39  38 146 206 207 205 206 208 211 211 211 207 167
  39  41  37  37  36 155 205 206 203 205 206 211 210 209 203 154
  36  36  35  33  37 160 204 204 201 206 202 208 207 205 203 143
  44  35  35  36  40 156 187 194 181 196 177 193 187 187 184 126
 106 139 134 141 129 143 136 146 135 146 143 148 143 146 140 101
 133 202 203 203 207 209 206 203 203 202 203 204 201 201 199 139
 138 206 209 210 213 209 204 203 202 202 202 205 203 203 201 155
 140 212 213 214 213 209 204 202 200 200 200 205 204 203 201 155
 150 212 211 211 210 206 201 201 200 195 198 203 204 202 200 153
  96 152 142 149 140 141 131 139 127 136 162 202 202 201 199 144
  29  28  26  27  25  27  28  28  30  28 124 202 200 199 197 139
  36  35  36  36  36  36  37  37  36  37 121 202 201 200 196 167
  34  35  34  33  34  36  36  37  36  38 129 201 200 199 196 160
  35  34  34  35  35  36  34  36  34  37 127 199 199 196 196 150
  37  33  33  34  35  76  86  88  88  93 148 199 198 196 194 142
  36  34  33  34  35 146 201 201 198 198 194 196 195 194 193 133
  35  32  32  33  34 125 193 191 190 190 191 195 193 193 190 153
  36  32  33  33  32 134 194 190 188 189 190 194 192 192 187 145
  34  32  33  34  35 144 191 189 188 187 189 192 192 189 187 137
  35  33  32  34  34 147 181 186 174 188 171 186 178 182 179 124
  96 128 121 130 117 132 124 136 126 136 132 137 133 136 129  95
 120 182 184 184 188 190 187 186 185 184 185 185 187 186 182 131
 129 185 191 192 193 189 185 185 184 184 184 186 185 185 182 145
 136 190 194 195 194 189 184 184 182 181 183 185 185 185 183 147
 145 195 197 193 194 190 186 189 182 181 183 184 184 184 182 145
  92 146 137 141 130 137 127 133 116 130 150 186 183 183 179 136
  29  25  20  21  21  24  25  23  23  23 106 185 180 184 178 131
  31  31  29  30  31  32  32  32  32  32 101 185 182 182 178 152
  30  30  30  30  30  32  32  33  33  32 116 184 182 179 177 145
  31  31  32  32  31  32  30  30  30  33 121 182 182 177 176 138
  32  32  30  30  31  72  79  80  84  85 136 182 180 177 174 131
  31  32  30  29  31 141 183 181 182 181 175 178 179 176 175 122
  30  30  29  27  32 117 171 175 174 171 172 177 178 176 175 143
  30  30  31  27  30 123 172 173 172 168 171 177 177 174 173 137
  28  29  30  27  32 135 174 172 173 170 172 175 176 171 172 130
  31  29  27  27  28 140 172 174 165 180 163 178 166 174 171 117

 108 147 164 162 158 149 148 175 171 167 162 150 167 154 143 126
 151 214 217 219 217 214 212 214 216 215 212 210 207 203 203 184
 156 213 218 220 219 218 214 217 218 219 215 212 211 209 205 187
 149 217 220 220 220 221 220 222 223 219 212 213 211 210 207 187
 154 221 221 217 218 220 217 216 215 214 213 211 211 211 208 193
 157 217 218 215 208 167 133 136 146 136 159 210 208 206 202 177
 162 220 219 216 209 139  31  46  42  39 100 213 206 205 206 196
 145 219 217 217 214 135  35  43  45  47  97 209 205 203 201 181
 154 218 218 217 212 148  34  41  42  42  95 212 207 206 204 194
 141 221 220 221 214 135  31  42  42  41  97 217 206 205 204 187
 153 224 225 228 220 147  36  47  46  46  87 158 146 155 160 156
 142 226 233 232 228 143  26  36  36  44  39  37  38  36  37  40
 153 219 229 234 229 158  34  42  37  40  37  36  39  37  33  36
 148 218 226 230 226 148  30  37  34  38  39  39  36  37  35  35
 155 220 224 230 228 156  29  38  31  38  34  35  39  41  36  35
 118 142 149 156 160 106  35  33  35  39  35  32  38  39  36  44
 101 139 155 155 153 144 139 167 160 150 142 133 153 145 137 124
 140 199 201 201 200 199 197 196 196 196 194 193 190 187 187 179
 146 201 203 203 202 201 199 200 199 196 196 194 193 192 189 182
 143 201 203 204 204 202 200 201 200 199 198 195 193 192 192 178
 148 204 205 205 203 202 202 202 201 199 199 196 195 194 192 186
 143 203 202 200 198 162 124 121 129 127 148 194 191 190 189 171
 146 202 202 200 195 136  28  37  38  37  93 198 190 189 187 188
 135 203 202 200 200 127  30  36  36  34  88 198 190 188 188 174
 146 203 203 202 201 139  28  37  37  36  88 201 191 190 189 186
 136 206 204 204 201 131  28  37  36  34  86 201 193 194 191 181
 143 209 209 209 206 141  27  36  36  36  76 146 125 134 144 147
 129 207 213 213 210 140  25  36  34  35  35  35  34  32  35  34
 141 203 210 214 211 149  27  36  33  35  34  34  33  33  34  34
 134 203 209 213 211 142  26  36  34  34  33  33  32  33  33  32
 139 202 206 212 212 152  28  35  35  34  33  34  32  32  32  33
 106 133 138 140 150  96  29  36  34  35  37  36  35  36  34  35
  95 131 145 147 145 136 131 152 145 138 131 122 143 137 130 117
 129 182 182 183 182 179 178 178 177 176 174 175 175 173 172 171
 136 186 185 185 184 183 184 182 179 177 177 176 176 174 171 174
 133 187 185 185 184 183 180 182 182 182 180 179 178 177 176 166
 137 185 186 185 184 186 185 185 184 182 182 178 177 177 175 178
 132 185 184 183 183 150 106 101 116 121 136 175 172 171 172 163
 136 184 184 181 181 130  23  32  32  33  85 181 171 168 170 180
 126 185 184 182 182 116  23  32  33  30  84 182 174 172 173 165
 136 186 185 184 189 133  23  32  33  30  80 181 175 173 172 174
 124 187 185 184 186 127  25  32  32  30  79 183 171 172 174 172
 132 190 189 189 190 137  24  32  32  32  72 141 117 123 135 140
 117 188 193 194 194 130  21  31  30  31  31  31  32  30  32  28
 130 184 192 195 193 141  21  30  30  32  30  29  27  27  27  27
 121 184 191 194 197 137  20  29  30  32  30  30  29  31  30  27
 128 182 185 190 195 146  25  31  30  31  32  32  30  30  29  29
  96 120 129 136 145  92  29  31  30  31  32  31  30  30  28  31

 126 184 187 187 193 177 196 181 194 187 156  40  36  35  35  44
 143 203 205 207 208 202 206 201 204 204 160  37  33  35  36  36
 154 203 209 210 211 206 205 203 206 205 155  36  37  37  41  39
 167 207 211 211 211 208 206 205 207 206 146  38  39  36  39  38
 150 210 212 213 211 210 213 209 212 217 158  37  36  39  35  32
 162 212 215 212 213 159 100  97  95  97  87  39  37  39  34  35
 167 215 219 219 214 136  39  47  42  41  46  44  40  38  38  39
 171 216 218 223 215 146  42  45  42  42  46  36  37  34  31  35
 175 214 217 222 216 136  46  43  41  42  47  36  42  37  38  33
 148 212 214 220 217 133  31  35  34  31  36  26  34  30  29  35
 149 214 218 221 220 167 139 135 148 135 147 143 158 148 156 106
 158 217 219 220 218 208 209 214 212 214 220 228 229 226 228 160
 162 219 220 220 217 215 216 217 217 221 228 232 234 230 230 156
 164 217 218 220 221 218 219 217 218 220 225 233 229 226 224 149
 147 214 213 217 221 217 220 219 218 221 224 226 219 218 220 142
 108 151 156 149 154 157 162 145 154 141 153 142 153 148 155 118
 124 179 182 178 186 171 188 174 186 181 147  34  34  32  33  35
 137 187 189 192 192 189 187 188 189 191 144  35  34  33  32  34
 145 187 192 192 194 190 189 188 190 194 134  32  33  33  32  36
 153 190 193 193 195 191 190 190 191 193 125  34  33  32  32  35
 133 193 194 195 196 194 198 198 201 201 146  35  34  33  34  36
 142 194 196 198 199 148  93  88  88  86  76  35  34  33  33  37
 150 196 196 199 199 127  37  34  36  34  36  35  35  34  34  35
 160 196 199 200 201 129  38  36  37  36  36  34  33  34  35  34
 167 196 200 201 202 121  37  36  37  37  36  36  36  36  35  36
 139 197 199 200 202 124  28  30  28  28  27  25  27  26  28  29
 144 199 201 202 202 162 136 127 139 131 141 140 149 142 152  96
 153 200 202 204 203 198 195 200 201 201 206 210 211 211 212 150
 155 201 203 204 205 200 200 200 202 204 209 213 214 213 212 140
 155 201 203 203 205 202 202 202 203 204 209 213 210 209 206 138
 139 199 201 201 204 203 202 203 203 206 209 207 203 203 202 133
 101 140 146 143 148 143 146 135 146 136 143 129 141 134 139 106
 117 171 174 166 178 163 180 165 174 172 140  28  27  27  29  31
 130 172 171 176 175 172 170 173 172 174 135  32  27  30  29  28
 137 173 174 177 177 171 168 172 173 172 123  30  27  31  30  30
 143 175 176 178 177 172 171 174 175 171 117  32  27  29  30  30
 122 175 176 179 178 175 181 182 181 183 141  31  29  30  32  31
 131 174 177 180 182 136  85  84  80  79  72  31  30  30  32  32
 138 176 177 182 182 121  33  30  30  30  32  31  32  32  31  31
 145 177 179 182 184 116  32  33  33  32  32  30  30  30  30  30
 152 178 182 182 185 101  32  32  32  32  32  31  30  29  31  31
 131 178 184 180 185 106  23  23  23  25  24  21  21  20  25  29
 136 179 183 183 186 150 130 116 133 127 137 130 141 137 146  92
 145 182 184 184 184 183 181 182 189 186 190 194 193 197 195 145
 147 183 185 185 185 183 181 182 184 184 189 194 195 194 190 136
 145 182 185 185 186 184 184 184 185 185 189 193 192 191 185 129
 131 182 186 187 185 185 184 185 186 187 190 188 184 184 182 120
  95 129 136 133 137 132 136 126 136 124 132 117 130 121 128  96

