  42  41  39  42  35 111 163 160 158 156 156 151 155 158 159 107
  43  40  34  33  27 143 206 212 210 212 217 218 218 218 212 155
  36  35  32  33  30 145 204 209 210 210 211 211 211 212 210 156
  36  37  31  36  33 130 202 204 203 207 211 211 208 209 208 144
  35  37  35  38  38 122 198 205 205 204 205 210 209 206 210 138
  87 128 120 135 135 135 128 121 124 136 141 136 142 143 139  87
 126 194 198 202 201 125  37  34  30  37  38  39  35  36  37  36
 127 193 196 200 202 123  35  29  29  35  39  41  38  39  37  34
 120 193 193 195 197 126  38  32  34  34  34  37  34  37  37  33
 115 188 194 193 193 136  35  38  38  39  37  34  32  35  35  35
 116 188 194 197 198 168 126 133 127 124 143 143 136 140 142 107
 117 189 194 192 190 195 196 195 197 197 197 197 197 201 201 144
 118 191 192 193 196 196 197 196 196 196 196 196 197 199 198 138
 120 189 191 193 194 194 195 194 195 194 193 191 191 195 200 134
 118 181 185 186 188 188 189 189 195 191 190 191 190 190 197 131
  85 127 131 133 141 140 135 140 136 159 151 136 141 149 160 106
  36  35  34  36  31 104 149 145 144 142 138 133 134 135 144 104
  36  33  32  35  25 135 190 191 191 193 196 194 194 193 193 142
  34  31  32  36  24 137 191 191 190 191 193 194 193 193 193 144
  34  32  32  35  31 125 189 188 189 190 192 193 192 194 193 135
  33  35  34  34  30 116 188 187 186 188 190 190 189 192 192 130
  82 116 112 125 122 128 124 118 122 128 127 116 121 125 126  80
 120 181 184 185 184 116  34  37  37  40  38  39  36  36  36  34
 121 182 183 185 185 113  32  33  32  34  33  34  32  33  32  32
 113 179 180 183 183 117  32  33  32  33  33  35  33  30  31  31
 108 178 179 182 182 128  28  36  36  37  35  34  33  33  33  34
 109 176 176 180 182 153 110 125 125 121 130 130 122 123 121  89
 111 175 177 178 179 181 181 181 181 182 183 183 183 185 186 132
 113 175 175 177 179 180 181 180 180 180 180 180 181 183 184 128
 115 173 174 176 177 177 178 177 179 178 178 178 179 181 183 124
 116 171 173 173 175 177 179 178 177 175 175 177 177 179 181 122
  82 121 120 118 126 124 118 123 130 152 144 136 139 143 149  99
  32  31  29  30  25  99 138 136 136 134 129 125 127 125 137 100
  34  31  28  30  21 131 179 175 172 174 176 174 174 176 178 133
  33  30  29  31  22 131 177 173 173 174 175 176 175 175 178 133
  30  29  27  31  27 118 173 171 173 174 176 175 174 174 178 125
  29  31  29  30  27 110 172 172 171 172 174 173 172 173 177 120
  77 110 105 120 117 122 115 108 111 118 119 105 107 103 110  71
 111 167 168 171 170 108  28  35  34  34  32  33  29  29  33  34
 113 167 168 170 170 106  28  31  31  31  30  30  29  28  28  30
 108 164 169 170 168 108  32  29  28  29  29  30  28  26  28  28
 103 163 166 168 168 120  28  30  30  31  29  28  27  29  29  29
 104 162 163 165 167 145  99 111 111 112 124 124 116 116 116  87
 105 162 161 163 164 165 166 167 168 168 168 167 167 168 171 124
 106 159 161 161 163 165 168 167 167 167 167 165 166 167 169 120
 108 156 160 160 161 162 163 162 165 165 165 167 167 166 169 115
 108 157 156 156 157 159 160 159 161 162 163 164 163 162 167 113
  77 113 109 109 117 112 102 105 115 144 139 125 129 132 141  93

 107 155 156 144 138  87  36  34  33  35 107 144 138 134 131 106
 159 212 210 208 210 139  37  37  37  35 142 201 198 200 197 160
 158 218 212 209 206 143  36  39  37  35 140 201 199 195 190 149
 155 218 211 208 209 142  35  38  34  32 136 197 197 191 190 141
 151 218 211 211 210 136  39  41  37  34 143 197 196 191 191 136
 156 217 211 211 205 141  38  39  34  37 143 197 196 193 190 151
 156 212 210 207 204 136  37  35  34  39 124 197 196 194 191 159
 158 210 210 203 205 124  30  29  34  38 127 197 196 195 195 136
 160 212 209 204 205 121  34  29  32  38 133 195 196 194 189 140
 163 206 204 202 198 128  37  35  38  35 126 196 197 195 189 135
 111 143 145 130 122 135 125 123 126 136 168 195 196 194 188 140
  35  27  30  33  38 135 201 202 197 193 198 190 196 194 188 141
  42  33  33  36  38 135 202 200 195 193 197 192 193 193 186 133
  39  34  32  31  35 120 198 196 193 194 194 194 192 191 185 131
  41  40  35  37  37 128 194 193 193 188 188 189 191 189 181 127
  42  43  36  36  35  87 126 127 120 115 116 117 118 120 118  85
 104 142 144 135 130  80  34  32  31  34  89 132 128 124 122  99
 144 193 193 193 192 126  36  32  31  33 121 186 184 183 181 149
 135 193 193 194 192 125  36  33  30  33 123 185 183 181 179 143
 134 194 193 192 189 121  36  32  33  33 122 183 181 179 177 139
 133 194 194 193 190 116  39  34  35  34 130 183 180 178 177 136
 138 196 193 192 190 127  38  33  33  35 130 183 180 178 175 144
 142 193 191 190 188 128  40  34  33  37 121 182 180 178 175 152
 144 191 190 189 186 122  37  32  32  36 125 181 180 179 177 130
 145 191 191 188 187 118  37  33  33  36 125 181 180 177 178 123
 149 190 191 189 188 124  34  32  32  28 110 181 181 178 179 118
 104 135 137 125 116 128 116 113 117 128 153 181 180 177 177 124
  31  25  24  31  30 122 184 185 183 182 182 179 179 177 175 126
  36  35  36  35  34 125 185 185 183 182 180 178 177 176 173 118
  34  32  32  32  34 112 184 183 180 179 176 177 175 174 173 120
  35  33  31  32  35 116 181 182 179 178 176 175 175 173 171 121
  36  36  34  34  33  82 120 121 113 108 109 111 113 115 116  82
 100 133 133 125 120  71  34  30  28  29  87 124 120 115 113  93
 137 178 178 178 177 110  33  28  28  29 116 171 169 169 167 141
 125 176 175 174 173 103  29  28  26  29 116 168 167 166 162 132
 127 174 175 174 172 107  29  29  28  27 116 167 166 167 163 129
 125 174 176 175 173 105  33  30  30  28 124 167 165 167 164 125
 129 176 175 176 174 119  32  30  29  29 124 168 167 165 163 139
 134 174 174 174 172 118  34  31  29  31 112 168 167 165 162 144
 136 172 173 173 171 111  34  31  28  30 111 168 167 165 161 115
 136 175 173 171 172 108  35  31  29  30 111 167 167 162 159 105
 138 179 177 173 172 115  28  28  32  28  99 166 168 163 160 102
  99 131 131 118 110 122 108 106 108 120 145 165 165 162 159 112
  25  21  22  27  27 117 170 170 168 168 167 164 163 161 157 117
  30  30  31  31  30 120 171 170 170 168 165 163 161 160 156 109
  29  28  29  27  29 105 168 168 169 166 163 161 161 160 156 109
  31  31  30  29  31 110 167 167 164 163 162 162 159 156 157 113
  32  34  33  30  29  77 111 113 108 103 104 105 106 108 108  77

 106 160 149 141 136 151 159 136 140 135 140 141 133 131 127  85
 131 197 190 190 191 190 191 195 189 189 188 188 186 185 181 118
 134 200 195 191 191 193 194 195 194 195 194 194 193 191 189 120
 138 198 199 197 196 196 196 196 196 197 196 196 193 192 191 118
 144 201 201 197 197 197 197 197 195 196 195 190 192 194 189 117
 107 142 140 136 143 143 124 127 133 126 168 198 197 194 188 116
  35  35  35  32  34  37  39  38  38  35 136 193 193 194 188 115
  33  37  37  34  37  34  34  34  32  38 126 197 195 193 193 120
  34  37  39  38  41  39  35  29  29  35 123 202 200 196 193 127
  36  37  36  35  39  38  37  30  34  37 125 201 202 198 194 126
  87 139 143 142 136 141 136 124 121 128 135 135 135 120 128  87
 138 210 206 209 210 205 204 205 205 198 122  38  38  35  37  35
 144 208 209 208 211 211 207 203 204 202 130  33  36  31  37  36
 156 210 212 211 211 211 210 210 209 204 145  30  33  32  35  36
 155 212 218 218 218 217 212 210 212 206 143  27  33  34  40  43
 107 159 158 155 151 156 156 158 160 163 111  35  42  39  41  42
  99 149 143 139 136 144 152 130 123 118 124 126 118 120 121  82
 122 181 179 177 177 175 175 177 178 179 177 175 173 173 171 116
 124 183 181 179 178 178 178 179 177 178 177 177 176 174 173 115
 128 184 183 181 180 180 180 180 180 181 180 179 177 175 175 113
 132 186 185 183 183 183 182 181 181 181 181 179 178 177 175 111
  89 121 123 122 130 130 121 125 125 110 153 182 180 176 176 109
  34  33  33  33  34  35  37  36  36  28 128 182 182 179 178 108
  31  31  30  33  35  33  33  32  33  32 117 183 183 180 179 113
  32  32  33  32  34  33  34  32  33  32 113 185 185 183 182 121
  34  36  36  36  39  38  40  37  37  34 116 184 185 184 181 120
  80 126 125 121 116 127 128 122 118 124 128 122 125 112 116  82
 130 192 192 189 190 190 188 186 187 188 116  30  34  34  35  33
 135 193 194 192 193 192 190 189 188 189 125  31  35  32  32  34
 144 193 193 193 194 193 191 190 191 191 137  24  36  32  31  34
 142 193 193 194 194 196 193 191 191 190 135  25  35  32  33  36
 104 144 135 134 133 138 142 144 145 149 104  31  36  34  35  36
  93 141 132 129 125 139 144 115 105 102 112 117 109 109 113  77
 113 167 162 163 164 163 162 161 159 160 159 157 156 156 157 108
 115 169 166 167 167 165 165 165 162 163 162 161 160 160 156 108
 120 169 167 166 165 167 167 167 167 168 165 163 161 161 159 106
 124 171 168 167 167 168 168 168 167 166 165 164 163 161 162 105
  87 116 116 116 124 124 112 111 111  99 145 167 165 163 162 104
  29  29  29  27  28  29  31  30  30  28 120 168 168 166 163 103
  28  28  26  28  30  29  29  28  29  32 108 168 170 169 164 108
  30  28  28  29  30  30  31  31  31  28 106 170 170 168 167 113
  34  33  29  29  33  32  34  34  35  28 108 170 171 168 167 111
  71 110 103 107 105 119 118 111 108 115 122 117 120 105 110  77
 120 177 173 172 173 174 172 171 172 172 110  27  30  29  31  29
 125 178 174 174 175 176 174 173 171 173 118  27  31  27  29  30
 133 178 175 175 176 175 174 173 173 177 131  22  31  29  30  33
 133 178 176 174 174 176 174 172 175 179 131  21  30  28  31  34
 100 137 125 127 125 129 134 136 136 138  99  25  30  29  31  32

  85 118 120 118 117 116 115 120 127 126  87  35  36  36  43  42
 127 181 189 191 189 188 188 193 193 194 128  37  37  35  40  41
 131 185 191 192 194 194 194 193 196 198 120  35  31  32  34  39
 133 186 193 193 192 197 193 195 200 202 135  38  36  33  33  42
 141 188 194 196 190 198 193 197 202 201 135  38  33  30  27  35
 140 188 194 196 195 168 136 126 123 125 135 122 130 145 143 111
 135 189 195 197 196 126  35  38  35  37 128 198 202 204 206 163
 140 189 194 196 195 133  38  32  29  34 121 205 204 209 212 160
 136 195 195 196 197 127  38  34  29  30 124 205 203 210 210 158
 159 191 194 196 197 124  39  34  35  37 136 204 207 210 212 156
 151 190 193 196 197 143  37  34  39  38 141 205 211 211 217 156
 136 191 191 196 197 143  34  37  41  39 136 210 211 211 218 151
 141 190 191 197 197 136  32  34  38  35 142 209 208 211 218 155
 149 190 195 199 201 140  35  37  39  36 143 206 209 212 218 158
 160 197 200 198 201 142  35  37  37  37 139 210 208 210 212 159
 106 131 134 138 144 107  35  33  34  36  87 138 144 156 155 107
  82 116 115 113 111 109 108 113 121 120  82  33  34  34  36  36
 121 171 173 175 175 176 178 179 182 181 116  35  32  31  33  35
 120 173 174 175 177 176 179 180 183 184 112  34  32  32  32  34
 118 173 176 177 178 180 182 183 185 185 125  34  35  36  35  36
 126 175 177 179 179 182 182 183 185 184 122  30  31  24  25  31
 124 177 177 180 181 153 128 117 113 116 128 116 125 137 135 104
 118 179 178 181 181 110  28  32  32  34 124 188 189 191 190 149
 123 178 177 180 181 125  36  33  33  37 118 187 188 191 191 145
 130 177 179 180 181 125  36  32  32  37 122 186 189 190 191 144
 152 175 178 180 182 121  37  33  34  40 128 188 190 191 193 142
 144 175 178 180 183 130  35  33  33  38 127 190 192 193 196 138
 136 177 178 180 183 130  34  35  34  39 116 190 193 194 194 133
 139 177 179 181 183 122  33  33  32  36 121 189 192 193 194 134
 143 179 181 183 185 123  33  30  33  36 125 192 194 193 193 135
 149 181 183 184 186 121  33  31  32  36 126 192 193 193 193 144
  99 122 124 128 132  89  34  31  32  34  80 130 135 144 142 104
  77 108 108 106 105 104 103 108 113 111  77  29  30  33  34  32
 113 157 156 159 162 162 163 164 167 167 110  31  29  30  31  31
 109 156 160 161 161 163 166 169 168 168 105  29  27  29  28  29
 109 156 160 161 163 165 168 170 170 171 120  30  31  31  30  30
 117 157 161 163 164 167 168 168 170 170 117  27  27  22  21  25
 112 159 162 165 165 145 120 108 106 108 122 110 118 131 131  99
 102 160 163 168 166  99  28  32  28  28 115 172 173 177 179 138
 105 159 162 167 167 111  30  29  31  35 108 172 171 173 175 136
 115 161 165 167 168 111  30  28  31  34 111 171 173 173 172 136
 144 162 165 167 168 112  31  29  31  34 118 172 174 174 174 134
 139 163 165 167 168 124  29  29  30  32 119 174 176 175 176 129
 125 164 167 165 167 124  28  30  30  33 105 173 175 176 174 125
 129 163 167 166 167 116  27  28  29  29 107 172 174 175 174 127
 132 162 166 167 168 116  29  26  28  29 103 173 174 175 176 125
 141 167 169 169 171 116  29  28  28  33 110 177 178 178 178 137
  93 113 115 120 124  87  29  28  30  34  71 120 125 133 133 100

