  34  33  32  29  30  31  32  35  33  34  37  34  39  36  29  31
  31  29  30  28  33  35  33  40  35  34  36  35  31  27  33  28
  33  30  28  29  30  31  80  88  92  93  96  85  98  37  28  28
  28  26  26  31  28  27 171 190 191 191 191 200 205  39  30  30
  37  30  28  29  31  27 175 189 193 193 194 195 205  47  26  35
  32  28  25  22  28  28 181 188 191 189 189 191 202  50  30  31
  29  25  24  23  27  22 171 187 188 186 189 189 200  36  30  31
  31  25  28  29  28  25 171 188 190 189 192 192 195  36  31  30
  29  27  28  31  32  24 177 188 190 189 191 192 199  44  31  31
  29  29  46  91  97  83 177 187 187 186 187 191 199  46  30  31
  30  28  83 180 183 188 188 187 187 185 186 189 196  38  31  28
  27  27  67 185 186 187 187 187 187 187 187 188 196  38  29  33
  31  29  82 181 186 188 193 186 187 183 184 184 196  41  30  29
  25  27  43  58  60  63  60  64  70  62  60  67  61  36  28  32
  34  29  29  27  29  32  34  27  28  30  30  25  27  30  26  32
  31  30  30  30  34  34  33  32  29  30  29  31  29  27  27  32
  29  29  28  27  26  28  29  30  30  30  31  29  31  33  31  31
  28  26  27  25  26  26  28  30  30  29  30  30  31  29  28  28
  29  27  26  26  27  24  75  82  81  79  88  79  93  31  27  27
  28  27  27  26  27  21 159 177 180 176 176 186 193  30  28  27
  27  25  25  26  23  20 167 176 177 177 178 179 192  39  28  27
  26  24  24  24  24  19 173 172 176 178 177 177 188  38  27  27
  26  26  23  24  24  17 163 173 175 175 177 178 186  30  27  28
  28  26  23  25  25  18 164 172 175 174 176 176 183  30  27  27
  26  25  25  25  25  20 169 173 174 173 174 175 184  36  28  27
  26  26  42  88  91  73 170 170 171 171 172 172 182  39  27  27
  27  25  77 170 171 171 171 169 171 171 171 171 182  32  27  25
  28  27  64 171 170 171 171 171 171 170 169 170 181  29  28  26
  28  25  75 172 173 174 172 172 172 170 173 172 183  36  27  27
  28  27  38  50  55  58  55  56  57  51  57  60  52  30  27  27
  29  27  26  27  27  27  27  27  27  27  28  27  28  28  28  27
  27  25  27  26  27  28  28  27  26  27  26  25  26  29  28  29
  24  25  24  22  23  24  25  26  26  26  27  27  30  30  27  26
  23  22  23  21  22  22  24  27  26  25  27  26  26  24  24  26
  25  23  22  22  22  22  71  69  71  75  83  69  86  28  23  23
  26  24  22  22  23  18 149 159 159 157 158 165 177  25  23  23
  23  22  21  22  19  14 153 156 157 157 158 159 174  33  23  24
  23  20  19  19  20  14 160 156 158 157 161 162 174  33  23  23
  22  21  18  19  20  17 151 154 155 154 156 157 168  22  23  24
  24  21  20  21  21  16 150 152 155 154 156 156 168  24  23  23
  22  21  21  21  22  17 157 151 153 153 154 155 169  30  24  24
  22  22  39  84  79  65 156 154 154 154 154 153 165  32  23  23
  23  22  71 154 152 152 151 153 154 153 152 152 165  23  26  25
  24  21  61 155 154 152 151 151 151 153 154 154 167  24  24  22
  24  21  70 158 154 155 154 152 153 153 156 158 170  30  23  23
  23  23  31  43  48  54  46  52  57  42  50  57  49  27  23  24
  25  23  22  22  23  23  23  23  23  23  24  23  24  23  23  23
  23  22  23  23  23  25  25  23  22  23  22  25  24  24  24  25

  31  28  28  30  35  31  31  30  31  31  28  33  29  32  32  32
  29  33  28  30  26  30  30  31  31  30  31  29  30  28  26  27
  36  27  37  39  47  50  36  36  44  46  38  38  41  36  30  27
  39  31  98 205 205 202 200 195 199 199 196 196 196  61  27  29
  34  35  85 200 195 191 189 192 192 191 189 188 184  67  25  31
  37  36  96 191 194 189 189 192 191 187 186 187 184  60  30  29
  34  34  93 191 193 189 186 189 189 186 185 187 183  62  30  30
  33  35  92 191 193 191 188 190 190 187 187 187 187  70  28  29
  35  40  88 190 189 188 187 188 188 187 187 187 186  64  27  32
  32  33  80 171 175 181 171 171 177 177 188 187 193  60  34  33
  31  35  31  27  27  28  22  25  24  83 188 187 188  63  32  34
  30  33  30  28  31  28  27  28  32  97 183 186 186  60  29  34
  29  28  29  31  29  22  23  29  31  91 180 185 181  58  27  30
  32  30  28  26  28  25  24  28  28  46  83  67  82  43  29  30
  33  29  30  26  30  28  25  25  27  29  28  27  29  27  29  30
  34  31  33  28  37  32  29  31  29  29  30  27  31  25  34  31
  31  28  27  27  27  27  28  27  27  27  25  26  27  27  27  29
  31  28  27  28  28  27  27  27  28  27  27  28  27  27  28  28
  33  29  31  30  39  38  30  30  36  39  32  29  36  30  28  29
  31  31  93 193 192 188 186 183 184 182 182 181 183  52  28  26
  29  30  79 186 179 177 178 176 175 172 171 170 172  60  27  25
  31  30  88 176 178 177 177 176 174 172 171 169 173  57  28  26
  30  29  79 176 177 178 175 174 173 171 171 170 170  51  27  27
  30  30  81 180 177 176 175 175 174 171 171 171 172  57  27  26
  30  30  82 177 176 172 173 172 173 170 169 171 172  56  27  27
  29  28  75 159 167 173 163 164 169 170 171 171 172  55  27  28
  28  26  24  21  20  19  17  18  20  73 171 171 174  58  27  28
  26  26  27  27  23  24  24  25  25  91 171 170 173  55  27  27
  27  25  26  26  26  24  24  25  25  88 170 171 172  50  27  26
  28  27  26  27  25  24  23  23  25  42  77  64  75  38  26  27
  29  26  27  27  25  24  26  26  25  26  25  27  25  27  27  25
  29  28  29  28  27  26  26  28  26  26  27  28  28  28  29  27
  26  26  23  23  24  23  24  23  24  23  25  22  23  24  23  25
  27  24  23  23  23  23  23  23  24  23  26  24  23  23  23  24
  30  24  28  25  33  33  22  24  30  32  23  24  30  27  23  24
  30  26  86 177 174 174 168 168 169 165 165 167 170  49  24  24
  27  26  69 165 159 162 157 156 155 153 152 154 158  57  23  25
  27  27  83 158 158 161 156 156 154 154 152 154 156  50  24  22
  26  25  75 157 157 157 154 154 153 154 153 153 153  42  23  23
  26  26  71 159 157 158 155 155 153 154 154 151 153  57  23  22
  26  27  69 159 156 156 154 152 151 154 153 151 152  52  23  23
  25  24  71 149 153 160 151 150 157 156 151 151 154  46  23  25
  24  22  22  18  14  14  17  16  17  65 152 152 155  54  23  25
  23  22  22  23  19  20  20  21  22  79 152 154 154  48  23  23
  22  21  22  22  22  19  19  21  21  84 154 155 158  43  22  23
  24  23  22  22  21  19  18  20  21  39  71  61  70  31  22  23
  25  22  23  24  22  20  21  21  21  22  22  21  21  23  23  22
  24  23  25  26  23  23  22  24  22  22  23  24  24  23  25  23

  32  27  27  29  31  29  30  29  32  33  34  34  30  30  30  31
  32  26  30  27  25  30  30  28  27  34  32  29  27  29  29  34
  32  28  36  61  67  60  62  70  64  60  63  60  58  43  27  25
  29  30  41 196 184 184 183 187 186 193 188 186 181  82  29  31
  33  29  38 196 188 187 187 187 187 187 187 186 185  67  27  27
  28  31  38 196 189 186 185 187 187 188 188 183 180  83  28  30
  31  30  46 199 191 187 186 187 187 177  83  97  91  46  29  29
  31  31  44 199 192 191 189 190 188 177  24  32  31  28  27  29
  30  31  36 195 192 192 189 190 188 171  25  28  29  28  25  31
  31  30  36 200 189 189 186 188 187 171  22  27  23  24  25  29
  31  30  50 202 191 189 189 191 188 181  28  28  22  25  28  32
  35  26  47 205 195 194 193 193 189 175  27  31  29  28  30  37
  30  30  39 205 200 191 191 191 190 171  27  28  31  26  26  28
  28  28  37  98  85  96  93  92  88  80  31  30  29  28  30  33
  28  33  27  31  35  36  34  35  40  33  35  33  28  30  29  31
  31  29  36  39  34  37  34  33  35  32  31  30  29  32  33  34
  29  28  29  26  25  26  27  26  27  28  28  27  26  27  25  27
  27  28  28  28  27  28  27  27  27  27  27  27  27  26  27  29
  27  27  30  52  60  57  51  57  56  55  58  55  50  38  27  28
  27  27  36 183 172 173 170 172 172 172 174 173 172  75  25  28
  26  28  29 181 170 169 170 171 171 171 171 170 171  64  27  28
  25  27  32 182 171 171 171 171 169 171 171 171 170  77  25  27
  27  27  39 182 172 172 171 171 170 170  73  91  88  42  26  26
  27  28  36 184 175 174 173 174 173 169  20  25  25  25  25  26
  27  27  30 183 176 176 174 175 172 164  18  25  25  23  26  28
  28  27  30 186 178 177 175 175 173 163  17  24  24  23  26  26
  27  27  38 188 177 177 178 176 172 173  19  24  24  24  24  26
  27  28  39 192 179 178 177 177 176 167  20  23  26  25  25  27
  27  28  30 193 186 176 176 180 177 159  21  27  26  27  27  28
  27  27  31  93  79  88  79  81  82  75  24  27  26  26  27  29
  28  28  29  31  30  30  29  30  30  28  26  26  25  27  26  28
  31  31  33  31  29  31  30  30  30  29  28  26  27  28  29  29
  25  24  24  24  25  22  23  22  23  25  25  23  23  23  22  23
  23  23  23  24  23  24  23  23  23  23  23  23  22  22  23  25
  24  23  27  49  57  50  42  57  52  46  54  48  43  31  23  23
  23  23  30 170 158 156 153 153 152 154 155 154 158  70  21  24
  22  24  24 167 154 154 153 151 151 151 152 154 155  61  21  24
  25  26  23 165 152 152 153 154 153 151 152 152 154  71  22  23
  23  23  32 165 153 154 154 154 154 156  65  79  84  39  22  22
  24  24  30 169 155 154 153 153 151 157  17  22  21  21  21  22
  23  23  24 168 156 156 154 155 152 150  16  21  21  20  21  24
  24  23  22 168 157 156 154 155 154 151  17  20  19  18  21  22
  23  23  33 174 162 161 157 158 156 160  14  20  19  19  20  23
  24  23  33 174 159 158 157 157 156 153  14  19  22  21  22  23
  23  23  25 177 165 158 157 159 159 149  18  23  22  22  24  26
  23  23  28  86  69  83  75  71  69  71  22  22  22  22  23  25
  26  24  24  26  26  27  25  26  27  24  22  22  21  23  22  23
  26  27  30  30  27  27  26  26  26  25  24  23  22  24  25  24

  31  34  25  31  27  30  29  29  31  29  32  37  28  33  31  34
  30  29  27  29  27  28  29  27  25  25  28  30  26  30  29  33
  30  29  43  82  67  83  46  28  28  24  25  28  26  28  30  32
  30  27  58 181 185 180  91  31  29  23  22  29  31  29  28  29
  34  29  60 186 186 183  97  32  28  27  28  31  28  30  33  30
  34  32  63 188 187 188  83  24  25  22  28  27  27  31  35  31
  33  34  60 193 187 188 177 177 171 171 181 175 171  80  33  32
  32  27  64 186 187 187 187 188 188 187 188 189 190  88  40  35
  29  28  70 187 187 187 187 190 190 188 191 193 191  92  35  33
  30  30  62 183 187 185 186 189 189 186 189 193 191  93  34  34
  29  30  60 184 187 186 187 191 192 189 189 194 191  96  36  37
  31  25  67 184 188 189 191 192 192 189 191 195 200  85  35  34
  29  27  61 196 196 196 199 199 195 200 202 205 205  98  31  39
  27  30  36  41  38  38  46  44  36  36  50  47  39  37  27  36
  27  26  28  30  29  31  30  31  31  30  30  26  30  28  33  29
  32  32  32  29  33  28  31  31  30  31  31  35  30  28  28  31
  27  29  28  28  28  27  26  26  28  26  26  27  28  29  28  29
  25  27  27  25  27  25  26  25  26  26  24  25  27  27  26  29
  27  26  38  75  64  77  42  25  23  23  24  25  27  26  27  28
  26  27  50 172 171 170  88  25  25  24  24  26  26  26  25  27
  27  27  55 173 170 171  91  25  25  24  24  23  27  27  26  26
  28  27  58 174 171 171  73  20  18  17  19  20  21  24  26  28
  28  27  55 172 171 171 170 169 164 163 173 167 159  75  28  29
  27  27  56 172 171 169 170 173 172 173 172 176 177  82  30  30
  26  27  57 172 171 171 171 174 175 175 176 177 180  81  30  30
  27  27  51 170 170 171 171 173 174 175 178 177 176  79  29  30
  26  28  57 173 169 171 172 174 176 177 177 178 176  88  30  31
  25  27  60 172 170 171 172 175 176 178 177 179 186  79  30  29
  26  28  52 183 181 182 182 184 183 186 188 192 193  93  31  31
  29  28  30  36  29  32  39  36  30  30  38  39  30  31  29  33
  28  28  27  27  28  27  27  28  27  27  27  28  28  27  28  31
  29  27  27  27  26  25  27  27  27  28  27  27  27  27  28  31
  23  25  23  24  24  23  22  22  24  22  23  23  26  25  23  24
  22  23  23  21  21  22  22  21  21  21  20  22  24  23  22  25
  23  22  31  70  61  71  39  21  20  18  19  21  22  22  23  24
  23  22  43 158 155 154  84  21  21  19  19  22  22  22  21  22
  23  23  48 154 154 152  79  22  21  20  20  19  23  22  22  23
  25  23  54 155 152 152  65  17  16  17  14  14  18  22  22  24
  25  23  46 154 151 151 156 157 150 151 160 153 149  71  24  25
  23  23  52 152 151 153 154 151 152 154 156 156 159  69  27  26
  22  23  57 153 151 154 154 153 155 155 158 157 159  71  26  26
  23  23  42 153 153 153 154 153 154 154 157 157 157  75  25  26
  22  24  50 156 154 152 154 154 156 156 161 158 158  83  27  27
  25  23  57 158 154 152 153 155 156 157 162 159 165  69  26  27
  24  24  49 170 167 165 165 169 168 168 174 174 177  86  26  30
  24  23  27  30  24  23  32  30  24  22  33  33  25  28  24  30
  24  23  23  23  24  26  23  24  23  23  23  23  23  23  24  27
  25  23  24  23  22  25  23  24  23  24  23  24  23  23  26  26

