  28  23  20  21  23  23  23  24  23  25  17  27  34  32  28  27
  26  24  21  22  24  25  27  27  25  23 118 182 188 172 167  23
  28  27  24  21  18  18  25  26  24  22 125 183 188 187 169  20
  35  23  21  19  19  20  23  23  24  20 129 179 184 190 168  24
  27  25  25  23  15  24  24  22  26  17 131 180 185 187 162  16
  24  54  87  80  74  81  78  82  85  77 120 129 135 134 120  17
  23 103 166 170 172 174 177 178 178 177  96  27  26  32  27  23
  25 104 171 171 177 178 178 178 178 179  98  24  23  24  22  24
  27 106 170 171 175 177 177 178 178 176  98  30  22  22  23  23
  22 104 166 169 172 176 177 177 177 176  98  28  17  21  22  17
  23 107 164 170 173 173 176 176 177 176 161 154 159 161 155  17
  24 108 167 171 172 172 174 177 176 176 176 178 178 181 171  16
  26 105 164 167 170 168 167 169 171 172 172 175 178 179 174  16
  27 106 158 162 167 170 171 172 173 175 177 177 176 175 169  21
  20  85 135 140 147 147 144 149 146 149 149 147 145 142 129  24
  21  23  26  28  26  26  26  27  28  31  26  26  23  28  28  23
  23  23  21  20  20  20  21  22  20  22  19  21  17  21  22  21
  25  24  21  20  20  21  21  20  21  19 111 165 168 162 160  16
  25  23  21  21  21  22  19  20  21  19 116 169 169 169 154  15
  21  22  22  21  21  21  20  20  21  17 122 166 168 167 155  18
  22  22  21  21  22  21  21  20  21  18 122 165 167 166 153  13
  21  51  83  71  73  78  71  71  74  71 117 126 127 125 118  16
  20  99 158 157 160 161 162 162 164 166  90  24  23  23  22  20
  22 100 161 160 163 163 162 163 162 165  90  21  21  20  20  20
  20 100 160 161 162 162 162 162 162 163  92  22  21  21  21  20
  22  97 158 159 159 161 161 161 161 163  93  23  18  21  21  20
  22 100 156 156 155 157 160 160 161 161 150 149 150 148 149  13
  20 103 153 155 156 157 159 161 161 161 161 163 161 165 160  13
  20 101 154 154 154 157 157 159 161 162 161 161 162 164 162  15
  19 100 153 155 155 157 157 157 158 159 161 161 162 163 160  16
  22  83 128 130 135 138 137 141 140 137 137 139 135 131 124  18
  23  24  25  24  27  22  21  23  23  23  22  22  22  21  24  20
  19  18  16  15  16  16  17  17  16  18  14  17  15  19  18  18
  21  19  17  16  16  17  17  16  17  15 107 145 157 147 148  13
  21  19  17  16  16  16  16  16  17  15 107 145 150 149 138  10
  19  18  17  16  16  16  16  16  17  13 115 148 147 148 138  13
  18  18  17  17  17  16  17  18  19  13 114 145 144 147 132  13
  17  47  76  63  68  72  64  70  73  69 113 114 113 110 104  12
  16  95 140 138 140 141 141 142 144 146  80  20  19  18  16  16
  18  96 140 139 140 140 140 140 140 148  82  17  17  16  16  16
  12  93 141 139 140 139 139 141 142 147  85  18  17  17  17  16
  22  95 137 137 137 138 139 141 141 144  84  20  14  17  16  15
  19  93 138 136 135 137 140 140 141 139 135 136 137 137 142  11
  16  98 135 135 135 134 137 141 141 141 141 142 141 145 145  10
  15  97 138 137 138 135 135 137 140 141 141 141 141 142 143  11
  16  92 138 137 137 136 136 137 138 139 141 140 139 140 141  10
  18  76 116 117 123 122 124 128 126 121 122 125 119 116 113  14
  18  19  21  20  23  18  17  21  19  17  17  17  17  18  20  16

  27  23  20  24  16  17  23  24  23  17  17  16  16  21  24  23
  28 167 169 168 162 120  27  22  23  22 155 171 174 169 129  28
  32 172 187 190 187 134  32  24  22  21 161 181 179 175 142  28
  34 188 188 184 185 135  26  23  22  17 159 178 178 176 145  23
  27 182 183 179 180 129  27  24  30  28 154 178 175 177 147  26
  17 118 125 129 131 120  96  98  98  98 161 176 172 177 149  26
  25  23  22  20  17  77 177 179 176 176 176 176 172 175 149  31
  23  25  24  24  26  85 178 178 178 177 177 176 171 173 146  28
  24  27  26  23  22  82 178 178 178 177 176 177 169 172 149  27
  23  27  25  23  24  78 177 178 177 177 176 174 167 171 144  26
  23  25  18  20  24  81 174 178 177 176 173 172 168 170 147  26
  23  24  18  19  15  74 172 177 175 172 173 172 170 167 147  26
  21  22  21  19  23  80 170 171 171 169 170 171 167 162 140  28
  20  21  24  21  25  87 166 171 170 166 164 167 164 158 135  26
  23  24  27  23  25  54 103 104 106 104 107 108 105 106  85  23
  28  26  28  35  27  24  23  25  27  22  23  24  26  27  20  21
  21  16  15  18  13  16  20  20  20  20  13  13  15  16  18  20
  22 160 154 155 153 118  22  20  21  21 149 160 162 160 124  24
  21 162 169 167 166 125  23  20  21  21 148 165 164 163 131  21
  17 168 169 168 167 127  23  21  21  18 150 161 162 162 135  22
  21 165 169 166 165 126  24  21  22  23 149 163 161 161 139  22
  19 111 116 122 122 117  90  90  92  93 150 161 161 161 137  22
  22  19  19  17  18  71 166 165 163 163 161 161 162 159 137  23
  20  21  21  21  21  74 164 162 162 161 161 161 161 158 140  23
  22  20  20  20  20  71 162 163 162 161 160 161 159 157 141  23
  21  21  19  20  21  71 162 162 162 161 160 159 157 157 137  21
  20  21  22  21  21  78 161 163 162 161 157 157 157 157 138  22
  20  20  21  21  22  73 160 163 162 159 155 156 154 155 135  27
  20  20  21  21  21  71 157 160 161 159 156 155 154 155 130  24
  21  21  21  22  21  83 158 161 160 158 156 153 154 153 128  25
  23  24  23  22  22  51  99 100 100  97 100 103 101 100  83  24
  23  25  25  21  22  21  20  22  20  22  22  20  20  19  22  23
  18  13  10  13  13  12  16  16  16  15  11  10  11  10  14  16
  18 148 138 138 132 104  16  16  17  16 142 145 143 141 113  20
  19 147 149 148 147 110  18  16  17  17 137 145 142 140 116  18
  15 157 150 147 144 113  19  17  17  14 137 141 141 139 119  17
  17 145 145 148 145 114  20  17  18  20 136 142 141 140 125  17
  14 107 107 115 114 113  80  82  85  84 135 141 141 141 122  17
  18  15  15  13  13  69 146 148 147 144 139 141 141 139 121  17
  16  17  17  17  19  73 144 140 142 141 141 141 140 138 126  19
  17  16  16  16  18  70 142 140 141 141 140 141 137 137 128  21
  17  17  16  16  17  64 141 140 139 139 140 137 135 136 124  17
  16  17  16  16  16  72 141 140 139 138 137 134 135 136 122  18
  16  16  16  16  17  68 140 140 140 137 135 135 138 137 123  23
  15  16  16  16  17  63 138 139 139 137 136 135 137 137 117  20
  16  17  17  17  17  76 140 140 141 137 138 135 138 138 116  21
  18  19  19  18  18  47  95  96  93  95  93  98  97  92  76  19
  19  21  21  19  18  17  16  18  12  22  19  16  15  16  18  18

  23  28  28  23  26  26  31  28  27  26  26  26  28  26  23  21
  24 129 142 145 147 149 149 146 149 144 147 147 140 135  85  20
  21 169 175 176 177 177 175 173 172 171 170 167 162 158 106  27
  16 174 179 178 175 172 172 171 169 167 168 170 167 164 105  26
  16 171 181 178 178 176 176 176 177 174 172 172 171 167 108  24
  17 155 161 159 154 161 176 177 176 176 173 173 170 164 107  23
  17  22  21  17  28  98 176 177 177 177 176 172 169 166 104  22
  23  23  22  22  30  98 176 178 178 177 177 175 171 170 106  27
  24  22  24  23  24  98 179 178 178 178 178 177 171 171 104  25
  23  27  32  26  27  96 177 178 178 177 174 172 170 166 103  23
  17 120 134 135 129 120  77  85  82  78  81  74  80  87  54  24
  16 162 187 185 180 131  17  26  22  24  24  15  23  25  25  27
  24 168 190 184 179 129  20  24  23  23  20  19  19  21  23  35
  20 169 187 188 183 125  22  24  26  25  18  18  21  24  27  28
  23 167 172 188 182 118  23  25  27  27  25  24  22  21  24  26
  27  28  32  34  27  17  25  23  24  23  23  23  21  20  23  28
  20  24  21  22  22  22  23  23  23  21  22  27  24  25  24  23
  18 124 131 135 139 137 137 140 141 137 138 135 130 128  83  22
  16 160 163 162 161 161 159 158 157 157 157 155 155 153 100  19
  15 162 164 162 161 161 162 161 159 157 157 154 154 154 101  20
  13 160 165 161 163 161 161 161 161 159 157 156 155 153 103  20
  13 149 148 150 149 150 161 161 160 160 157 155 156 156 100  22
  20  21  21  18  23  93 163 161 161 161 161 159 159 158  97  22
  20  21  21  21  22  92 163 162 162 162 162 162 161 160 100  20
  20  20  20  21  21  90 165 162 163 162 163 163 160 161 100  22
  20  22  23  23  24  90 166 164 162 162 161 160 157 158  99  20
  16 118 125 127 126 117  71  74  71  71  78  73  71  83  51  21
  13 153 166 167 165 122  18  21  20  21  21  22  21  21  22  22
  18 155 167 168 166 122  17  21  20  20  21  21  21  22  22  21
  15 154 169 169 169 116  19  21  20  19  22  21  21  21  23  25
  16 160 162 168 165 111  19  21  20  21  21  20  20  21  24  25
  21  22  21  17  21  19  22  20  22  21  20  20  20  21  23  23
  16  20  18  17  17  17  17  19  21  17  18  23  20  21  19  18
  14 113 116 119 125 122 121 126 128 124 122 123 117 116  76  18
  10 141 140 139 140 141 139 138 137 136 136 137 137 138  92  16
  11 143 142 141 141 141 141 140 137 135 135 138 137 138  97  15
  10 145 145 141 142 141 141 141 141 137 134 135 135 135  98  16
  11 142 137 137 136 135 139 141 140 140 137 135 136 138  93  19
  15  16  17  14  20  84 144 141 141 139 138 137 137 137  95  22
  16  17  17  17  18  85 147 142 141 139 139 140 139 141  93  12
  16  16  16  17  17  82 148 140 140 140 140 140 139 140  96  18
  16  16  18  19  20  80 146 144 142 141 141 140 138 140  95  16
  12 104 110 113 114 113  69  73  70  64  72  68  63  76  47  17
  13 132 147 144 145 114  13  19  18  17  16  17  17  17  18  18
  13 138 148 147 148 115  13  17  16  16  16  16  16  17  18  19
  10 138 149 150 145 107  15  17  16  16  16  16  16  17  19  21
  13 148 147 157 145 107  15  17  16  17  17  16  16  17  19  21
  18  18  19  15  17  14  18  16  17  17  16  16  15  16  18  19

  21  20  27  26  24  23  22  27  25  23  24  27  35  28  26  28
  23  85 106 105 108 107 104 106 104 103  54  25  23  27  24  23
  26 135 158 164 167 164 166 170 171 166  87  25  21  24  21  20
  28 140 162 167 171 170 169 171 171 170  80  23  19  21  22  21
  26 147 167 170 172 173 172 175 177 172  74  15  19  18  24  23
  26 147 170 168 172 173 176 177 178 174  81  24  20  18  25  23
  26 144 171 167 174 176 177 177 178 177  78  24  23  25  27  23
  27 149 172 169 177 176 177 178 178 178  82  22  23  26  27  24
  28 146 173 171 176 177 177 178 178 178  85  26  24  24  25  23
  31 149 175 172 176 176 176 176 179 177  77  17  20  22  23  25
  26 149 177 172 176 161  98  98  98  96 120 131 129 125 118  17
  26 147 177 175 178 154  28  30  24  27 129 180 179 183 182  27
  23 145 176 178 178 159  17  22  23  26 135 185 184 188 188  34
  28 142 175 179 181 161  21  22  24  32 134 187 190 187 172  32
  28 129 169 174 171 155  22  23  22  27 120 162 168 169 167  28
  23  24  21  16  16  17  17  23  24  23  17  16  24  20  23  27
  23  22  19  20  20  22  22  20  22  20  21  22  21  25  25  23
  24  83 100 101 103 100  97 100 100  99  51  22  22  23  24  23
  25 128 153 154 153 156 158 160 161 158  83  21  22  21  21  21
  24 130 155 154 155 156 159 161 160 157  71  21  21  21  20  20
  27 135 155 154 156 155 159 162 163 160  73  22  21  21  20  20
  22 138 157 157 157 157 161 162 163 161  78  21  21  22  21  20
  21 137 157 157 159 160 161 162 162 162  71  21  20  19  21  21
  23 141 157 159 161 160 161 162 163 162  71  20  20  20  20  22
  23 140 158 161 161 161 161 162 162 164  74  21  21  21  21  20
  23 137 159 162 161 161 163 163 165 166  71  18  17  19  19  22
  22 137 161 161 161 150  93  92  90  90 117 122 122 116 111  19
  22 139 161 161 163 149  23  22  21  24 126 165 166 169 165  21
  22 135 162 162 161 150  18  21  21  23 127 167 168 169 168  17
  21 131 163 164 165 148  21  21  20  23 125 166 167 169 162  21
  24 124 160 162 160 149  21  21  20  22 118 153 155 154 160  22
  20  18  16  15  13  13  20  20  20  20  16  13  18  15  16  21
  18  18  16  15  16  19  22  12  18  16  17  18  19  21  21  19
  19  76  92  97  98  93  95  93  96  95  47  18  18  19  19  18
  21 116 138 138 135 138 137 141 140 140  76  17  17  17  17  16
  20 117 137 137 135 136 137 139 139 138  63  17  16  16  16  15
  23 123 137 138 135 135 137 140 140 140  68  17  16  16  16  16
  18 122 136 135 134 137 138 139 140 141  72  16  16  16  17  16
  17 124 136 135 137 140 139 139 140 141  64  17  16  16  17  17
  21 128 137 137 141 140 141 141 140 142  70  18  16  16  16  17
  19 126 138 140 141 141 141 142 140 144  73  19  17  17  17  16
  17 121 139 141 141 139 144 147 148 146  69  13  13  15  15  18
  17 122 141 141 141 135  84  85  82  80 113 114 115 107 107  14
  17 125 140 141 142 136  20  18  17  20 114 145 148 145 145  17
  17 119 139 141 141 137  14  17  17  19 113 144 147 150 157  15
  18 116 140 142 145 137  17  17  16  18 110 147 148 149 147  19
  20 113 141 143 145 142  16  17  16  16 104 132 138 138 148  18
  16  14  10  11  10  11  15  16  16  16  12  13  13  10  13  18

