  30  26  28  28  27  24  24  23  30  29  29  36  37  40  39  32
  29  28  27  28  27  29  30  30  33  34  43 198 191 194 196 111
  30  28  25  28  27  29  29  28  33  35  41 204 202 201 201 110
  28  30  32  26  25  25  27  32  30  29  46 204 203 202 201 105
  24  28  28  22  22  19  20  22  25  27  33 205 201 201 203 106
  26  28  26  23  22  22  24  24  29  33  43 203 198 201 201 116
  26  23  25  23  22  23  25  27  24  30  42 207 199 201 201 116
  26  24  22  24  26  26  21  22  24  29  40 204 199 200 197 105
  26  25  25  26  27  27  17  24  27  28  42 205 197 199 194 109
  28  26  23  32  27  24  25  30  28  34  29 202 196 199 196 117
  24  89 179 180 177 188 184 164 159 163 169 199 199 199 196 115
  27  97 185 188 193 192 192 193 197 194 194 195 197 197 196 107
  25  85 179 188 190 189 191 190 191 192 193 194 195 197 192 119
  23  95 182 186 187 189 188 185 185 188 188 187 190 191 191 126
  20  73 151 157 161 159 159 162 166 158 164 162 149 154 153  90
  14  18  30  32  31  34  28  28  32  32  37  33  36  30  34  27
  23  24  25  25  25  26  26  26  24  26  27  30  27  29  25  23
  25  25  25  25  25  24  25  22  25  26  37 190 187 187 186 102
  25  25  26  25  23  24  25  24  26  26  34 193 185 185 186 103
  22  22  24  24  22  23  23  25  25  27  37 198 186 186 185  98
  24  25  25  23  23  23  24  23  25  27  31 196 185 185 187  99
  22  22  22  22  23  24  24  24  24  25  36 195 186 185 185 109
  22  22  22  22  23  23  22  24  24  25  35 198 185 185 185 105
  22  22  22  22  22  22  23  23  26  26  33 194 184 185 185  99
  22  23  24  24  24  24  24  24  23  25  38 198 184 184 183 103
  24  24  23  23  24  23  22  26  22  24  25 199 183 183 183 110
  21  85 171 167 165 174 173 155 148 153 158 184 183 183 183 109
  24  93 174 171 174 175 175 176 178 177 178 180 181 181 183 104
  22  81 171 171 172 173 175 175 176 177 177 179 179 181 179 111
  21  88 167 170 171 173 172 175 175 177 176 174 177 179 181 119
  22  66 143 147 150 148 148 155 159 152 155 153 147 147 143  88
  23  20  25  24  25  27  26  21  29  27  28  27  26  28  28  28
  20  20  21  21  21  21  21  21  21  21  21  24  25  27  23  20
  21  20  20  21  21  20  21  19  22  22  30 182 172 171 171  92
  18  17  19  21  19  20  21  20  22  23  30 182 166 164 164  93
  18  18  21  20  18  19  19  21  21  23  36 182 164 164 164  89
  20  21  21  18  18  18  19  18  21  23  28 184 164 165 166  90
  18  18  18  18  18  19  20  20  20  22  34 181 163 165 165  97
  18  18  18  18  18  18  18  20  20  22  31 185 164 165 165  94
  18  18  17  18  18  18  18  18  21  22  29 182 166 165 169  92
  18  18  19  19  20  20  18  19  19  21  35 184 166 163 165  93
  20  20  18  18  20  19  20  25  20  21  22 179 162 162 165 100
  17  79 157 153 150 158 155 142 140 143 146 166 163 163 163 100
  20  86 153 151 152 153 155 156 156 157 158 159 160 160 160  93
  18  78 155 151 150 153 155 155 156 156 156 157 159 160 163 102
  17  85 152 150 151 153 152 154 154 156 156 154 157 158 157 105
  17  63 131 133 137 133 134 139 142 136 141 140 133 134 132  82
  17  15  20  18  19  21  20  17  25  24  25  23  23  24  25  23

  32 111 110 105 106 116 116 105 109 117 115 107 119 126  90  27
  39 196 201 201 203 201 201 197 194 196 196 196 192 191 153  34
  40 194 201 202 201 201 201 200 199 199 199 197 197 191 154  30
  37 191 202 203 201 198 199 199 197 196 199 197 195 190 149  36
  36 198 204 204 205 203 207 204 205 202 199 195 194 187 162  33
  29  43  41  46  33  43  42  40  42  29 169 194 193 188 164  37
  29  34  35  29  27  33  30  29  28  34 163 194 192 188 158  32
  30  33  33  30  25  29  24  24  27  28 159 197 191 185 166  32
  23  30  28  32  22  24  27  22  24  30 164 193 190 185 162  28
  24  30  29  27  20  24  25  21  17  25 184 192 191 188 159  28
  24  29  29  25  19  22  23  26  27  24 188 192 189 189 159  34
  27  27  27  25  22  22  22  26  27  27 177 193 190 187 161  31
  28  28  28  26  22  23  23  24  26  32 180 188 188 186 157  32
  28  27  25  32  28  26  25  22  25  23 179 185 179 182 151  30
  26  28  28  30  28  28  23  24  25  26  89  97  85  95  73  18
  30  29  30  28  24  26  26  26  26  28  24  27  25  23  20  14
  23 102 103  98  99 109 105  99 103 110 109 104 111 119  88  28
  25 186 186 185 187 185 185 185 183 183 183 183 179 181 143  28
  29 187 185 186 185 185 185 185 184 183 183 181 181 179 147  28
  27 187 185 186 185 186 185 184 184 183 183 181 179 177 147  26
  30 190 193 198 196 195 198 194 198 199 184 180 179 174 153  27
  27  37  34  37  31  36  35  33  38  25 158 178 177 176 155  28
  26  26  26  27  27  25  25  26  25  24 153 177 177 177 152  27
  24  25  26  25  25  24  24  26  23  22 148 178 176 175 159  29
  26  22  24  25  23  24  24  23  24  26 155 176 175 175 155  21
  26  25  25  23  24  24  22  23  24  22 173 175 175 172 148  26
  26  24  24  23  23  24  23  22  24  23 174 175 173 173 148  27
  25  25  23  22  23  23  23  22  24  24 165 174 172 171 150  25
  25  25  25  24  23  22  22  22  24  23 167 171 171 170 147  24
  25  25  26  24  25  22  22  22  24  23 171 174 171 167 143  25
  24  25  25  22  25  22  22  22  23  24  85  93  81  88  66  20
  23  25  25  22  24  22  22  22  22  24  21  24  22  21  22  23
  20  92  93  89  90  97  94  92  93 100 100  93 102 105  82  23
  23 171 164 164 166 165 165 169 165 165 163 160 163 157 132  25
  27 171 164 164 165 165 165 165 163 162 163 160 160 158 134  24
  25 172 166 164 164 163 164 166 166 162 163 160 159 157 133  23
  24 182 182 182 184 181 185 182 184 179 166 159 157 154 140  23
  21  30  30  36  28  34  31  29  35  22 146 158 156 156 141  25
  21  22  23  23  23  22  22  22  21  21 143 157 156 156 136  24
  21  22  22  21  21  20  20  21  19  20 140 156 156 154 142  25
  21  19  20  21  18  20  20  18  19  25 142 156 155 154 139  17
  21  21  21  19  19  20  18  18  18  20 155 155 155 152 134  20
  21  20  20  19  18  19  18  18  20  19 158 153 153 153 133  21
  21  21  19  18  18  18  18  18  20  20 150 152 150 151 137  19
  21  21  21  20  18  18  18  18  19  18 153 151 151 150 133  18
  21  20  19  21  21  18  18  17  19  18 157 153 155 152 131  20
  20  20  17  18  21  18  18  18  18  20  79  86  78  85  63  15
  20  21  18  18  20  18  18  18  18  20  17  20  18  17  17  17

  27  34  30  36  33  37  32  32  28  28  34  31  32  30  18  14
  90 153 154 149 162 164 158 166 162 159 159 161 157 151  73  20
 126 191 191 190 187 188 188 185 185 188 189 187 186 182  95  23
 119 192 197 195 194 193 192 191 190 191 189 190 188 179  85  25
 107 196 197 197 195 194 194 197 193 192 192 193 188 185  97  27
 115 196 199 199 199 169 163 159 164 184 188 177 180 179  89  24
 117 196 199 196 202  29  34  28  30  25  24  27  32  23  26  28
 109 194 199 197 205  42  28  27  24  17  27  27  26  25  25  26
 105 197 200 199 204  40  29  24  22  21  26  26  24  22  24  26
 116 201 201 199 207  42  30  24  27  25  23  22  23  25  23  26
 116 201 201 198 203  43  33  29  24  24  22  22  23  26  28  26
 106 203 201 201 205  33  27  25  22  20  19  22  22  28  28  24
 105 201 202 203 204  46  29  30  32  27  25  25  26  32  30  28
 110 201 201 202 204  41  35  33  28  29  29  27  28  25  28  30
 111 196 194 191 198  43  34  33  30  30  29  27  28  27  28  29
  32  39  40  37  36  29  29  30  23  24  24  27  28  28  26  30
  28  28  28  26  27  28  27  29  21  26  27  25  24  25  20  23
  88 143 147 147 153 155 152 159 155 148 148 150 147 143  66  22
 119 181 179 177 174 176 177 175 175 172 173 171 170 167  88  21
 111 179 181 179 179 177 177 176 175 175 173 172 171 171  81  22
 104 183 181 181 180 178 177 178 176 175 175 174 171 174  93  24
 109 183 183 183 184 158 153 148 155 173 174 165 167 171  85  21
 110 183 183 183 199  25  24  22  26  22  23  24  23  23  24  24
 103 183 184 184 198  38  25  23  24  24  24  24  24  24  23  22
  99 185 185 184 194  33  26  26  23  23  22  22  22  22  22  22
 105 185 185 185 198  35  25  24  24  22  23  23  22  22  22  22
 109 185 185 186 195  36  25  24  24  24  24  23  22  22  22  22
  99 187 185 185 196  31  27  25  23  24  23  23  23  25  25  24
  98 185 186 186 198  37  27  25  25  23  23  22  24  24  22  22
 103 186 185 185 193  34  26  26  24  25  24  23  25  26  25  25
 102 186 187 187 190  37  26  25  22  25  24  25  25  25  25  25
  23  25  29  27  30  27  26  24  26  26  26  25  25  25  24  23
  23  25  24  23  23  25  24  25  17  20  21  19  18  20  15  17
  82 132 134 133 140 141 136 142 139 134 133 137 133 131  63  17
 105 157 158 157 154 156 156 154 154 152 153 151 150 152  85  17
 102 163 160 159 157 156 156 156 155 155 153 150 151 155  78  18
  93 160 160 160 159 158 157 156 156 155 153 152 151 153  86  20
 100 163 163 163 166 146 143 140 142 155 158 150 153 157  79  17
 100 165 162 162 179  22  21  20  25  20  19  20  18  18  20  20
  93 165 163 166 184  35  21  19  19  18  20  20  19  19  18  18
  92 169 165 166 182  29  22  21  18  18  18  18  18  17  18  18
  94 165 165 164 185  31  22  20  20  18  18  18  18  18  18  18
  97 165 165 163 181  34  22  20  20  20  19  18  18  18  18  18
  90 166 165 164 184  28  23  21  18  19  18  18  18  21  21  20
  89 164 164 164 182  36  23  21  21  19  19  18  20  21  18  18
  93 164 164 166 182  30  23  22  20  21  20  19  21  19  17  18
  92 171 171 172 182  30  22  22  19  21  20  21  21  20  20  21
  20  23  27  25  24  21  21  21  21  21  21  21  21  21  20  20

  14  20  23  25  27  24  28  26  26  26  26  24  28  30  29  30
  18  73  95  85  97  89  26  25  24  23  28  28  30  28  28  26
  30 151 182 179 185 179  23  25  22  25  26  28  32  25  27  28
  32 157 186 188 188 180  32  26  24  23  23  22  26  28  28  28
  31 161 187 190 193 177  27  27  26  22  22  22  25  27  27  27
  34 159 189 189 192 188  24  27  26  23  22  19  25  29  29  24
  28 159 188 191 192 184  25  17  21  25  24  20  27  29  30  24
  28 162 185 190 193 164  30  24  22  27  24  22  32  28  30  23
  32 166 185 191 197 159  28  27  24  24  29  25  30  33  33  30
  32 158 188 192 194 163  34  28  29  30  33  27  29  35  34  29
  37 164 188 193 194 169  29  42  40  42  43  33  46  41  43  29
  33 162 187 194 195 199 202 205 204 207 203 205 204 204 198  36
  36 149 190 195 197 199 196 197 199 199 198 201 203 202 191  37
  30 154 191 197 197 199 199 199 200 201 201 201 202 201 194  40
  34 153 191 192 196 196 196 194 197 201 201 203 201 201 196  39
  27  90 126 119 107 115 117 109 105 116 116 106 105 110 111  32
  23  22  21  22  24  21  24  22  22  22  22  24  22  25  25  23
  20  66  88  81  93  85  24  23  22  22  22  25  22  25  25  24
  25 143 167 171 174 171  23  24  22  22  22  25  24  26  25  25
  24 147 170 171 171 167  23  24  22  22  22  23  24  25  25  25
  25 150 171 172 174 165  24  24  22  23  23  23  22  23  25  25
  27 148 173 173 175 174  23  24  22  23  24  23  23  24  24  26
  26 148 172 175 175 173  22  24  23  22  24  24  23  25  25  26
  21 155 175 175 176 155  26  24  23  24  24  23  25  24  22  26
  29 159 175 176 178 148  22  23  26  24  24  25  25  26  25  24
  27 152 177 177 177 153  24  25  26  25  25  27  27  26  26  26
  28 155 176 177 178 158  25  38  33  35  36  31  37  34  37  27
  27 153 174 179 180 184 199 198 194 198 195 196 198 193 190  30
  26 147 177 179 181 183 183 184 184 185 186 185 186 185 187  27
  28 147 179 181 181 183 183 184 185 185 185 185 186 185 187  29
  28 143 181 179 183 183 183 183 185 185 185 187 185 186 186  25
  28  88 119 111 104 109 110 103  99 105 109  99  98 103 102  23
  17  17  17  18  20  17  20  18  18  18  18  20  18  18  21  20
  15  63  85  78  86  79  20  18  18  18  18  21  18  17  20  20
  20 131 152 155 153 157  18  19  17  18  18  21  21  19  20  21
  18 133 150 151 151 153  18  19  18  18  18  18  20  21  21  21
  19 137 151 150 152 150  20  20  18  18  18  18  18  19  21  21
  21 133 153 153 153 158  19  20  18  18  19  18  19  20  20  21
  20 134 152 155 155 155  20  18  18  18  20  19  19  21  21  21
  17 139 154 155 156 142  25  19  18  20  20  18  21  20  19  21
  25 142 154 156 156 140  20  19  21  20  20  21  21  22  22  21
  24 136 156 156 157 143  21  21  22  22  22  23  23  23  22  21
  25 141 156 156 158 146  22  35  29  31  34  28  36  30  30  21
  23 140 154 157 159 166 179 184 182 185 181 184 182 182 182  24
  23 133 157 159 160 163 162 166 166 164 163 164 164 166 172  25
  24 134 158 160 160 163 162 163 165 165 165 165 164 164 171  27
  25 132 157 163 160 163 165 165 169 165 165 166 164 164 171  23
  23  82 105 102  93 100 100  93  92  94  97  90  89  93  92  20

