  29  28  29  29  29  35  38  35  38  35  37  37  40  39  38  34
  33  27  26  27  26  45 146 138 138 141 140 145 153 156 149  27
  31  25  23  27  28  47 192 192 196 194 194 193 192 193 180  23
  30  24  21  31  34  56 189 187 188 192 193 191 190 191 174  24
  25  27  26  26  24  55 191 187 187 187 189 193 194 194 186  25
  22  24  24  22  24  55 186 186 187 188 184 181 165 170 154  22
  28  27  21  22  23  55 185 185 186 188 103  35  34  43  43  35
  27  26  22  19  28  49 186 184 185 186 103  34  32  30  31  30
  27  26  27  26  31  57 179 186 187 186 100  33  28  27  28  26
  26  30  30  29  27  53 177 183 180 182 104  32  30  33  30  34
  25 135 144 132 120 128 172 179 176 177 157 142 151 147 139  26
  18 140 168 171 170 169 172 173 175 176 174 180 186 187 166  25
  19 135 164 168 167 169 170 172 175 177 180 180 175 182 164  25
  17 133 161 166 167 167 167 169 171 173 175 176 176 178 163  24
  20 116 143 146 153 155 156 161 161 167 160 161 158 151 143  31
  24  27  28  29  33  27  30  31  33  29  43  31  26  33  35  37
  24  25  24  24  25  28  29  28  27  26  29  30  30  30  29  28
  23  25  23  24  25  37 135 122 125 129 125 131 138 140 132  17
  24  25  23  24  24  46 180 170 171 171 172 173 173 173 165  15
  22  23  21  23  24  53 175 170 171 171 171 171 172 173 160  15
  21  22  22  22  21  52 176 169 169 172 172 171 171 171 166  18
  21  21  22  24  25  52 173 169 169 169 169 163 152 157 149  19
  22  22  22  23  25  53 173 168 168 168  93  26  27  31  32  27
  21  21  21  24  26  47 175 166 166 169  90  30  27  28  28  26
  21  22  24  23  25  53 168 165 165 166  91  28  27  26  28  26
  23  25  24  22  26  50 167 165 165 167  95  26  28  27  25  27
  15 127 133 124 110 119 163 164 163 166 146 130 141 139 131  20
  15 132 155 158 159 158 161 162 162 163 164 166 167 169 155  18
  16 130 154 156 157 158 157 159 161 163 163 164 166 169 157  17
  14 130 152 154 156 157 157 159 161 162 162 164 164 164 154  17
  17 110 135 140 146 148 148 153 156 158 152 149 150 145 135  19
  20  24  23  20  27  27  25  26  26  26  23  24  24  27  33  28
  21  21  20  21  19  21  21  22  30  23  30  27  29  26  24  22
  21  21  19  20  18  29 120 107 118 122 113 121 127 128 123  14
  21  21  19  20  18  40 163 150 151 151 151 153 154 154 150  14
  19  19  17  20  20  49 159 148 149 151 151 152 152 153 144  13
  17  18  18  18  18  48 158 147 147 150 152 152 152 152 153  12
  17  17  17  19  20  48 157 147 147 149 150 150 137 143 133  14
  18  18  17  19  20  50 157 147 148 149  87  23  22  27  30  24
  18  17  17  18  22  44 162 145 146 149  83  26  23  23  24  22
  17  18  20  19  21  48 154 145 146 146  81  26  22  22  23  22
  19  23  20  20  24  47 153 143 143 144  83  24  22  23  21  22
  12 125 121 116 103 111 148 142 142 144 129 119 130 128 119  13
  12 122 137 137 138 137 141 142 142 142 144 145 145 149 141  15
  13 121 138 135 136 138 142 144 142 142 143 144 144 148 141  15
  11 121 137 133 135 136 136 137 140 141 142 144 143 144 141  14
  13 104 122 126 129 133 132 138 140 142 136 132 134 130 125  16
  16  20  19  16  22  21  19  21  21  22  21  20  21  21  25  23

  34  27  23  24  25  22  35  30  26  34  26  25  25  24  31  37
  38 149 180 174 186 154  43  31  28  30 139 166 164 163 143  35
  39 156 193 191 194 170  43  30  27  33 147 187 182 178 151  33
  40 153 192 190 194 165  34  32  28  30 151 186 175 176 158  26
  37 145 193 191 193 181  35  34  33  32 142 180 180 176 161  31
  37 140 194 193 189 184 103 103 100 104 157 174 180 175 160  43
  35 141 194 192 187 188 188 186 186 182 177 176 177 173 167  29
  38 138 196 188 187 187 186 185 187 180 176 175 175 171 161  33
  35 138 192 187 187 186 185 184 186 183 179 173 172 169 161  31
  38 146 192 189 191 186 185 186 179 177 172 172 170 167 156  30
  35  45  47  56  55  55  55  49  57  53 128 169 169 167 155  27
  29  26  28  34  24  24  23  28  31  27 120 170 167 167 153  33
  29  27  27  31  26  22  22  19  26  29 132 171 168 166 146  29
  29  26  23  21  26  24  21  22  27  30 144 168 164 161 143  28
  28  27  25  24  27  24  27  26  26  30 135 140 135 133 116  27
  29  33  31  30  25  22  28  27  27  26  25  18  19  17  20  24
  28  17  15  15  18  19  27  26  26  27  20  18  17  17  19  28
  29 132 165 160 166 149  32  28  28  25 131 155 157 154 135  33
  30 140 173 173 171 157  31  28  26  27 139 169 169 164 145  27
  30 138 173 172 171 152  27  27  27  28 141 167 166 164 150  24
  30 131 173 171 171 163  26  30  28  26 130 166 164 164 149  24
  29 125 172 171 172 169  93  90  91  95 146 164 163 162 152  23
  26 129 171 171 172 169 168 169 166 167 166 163 163 162 158  26
  27 125 171 171 169 169 168 166 165 165 163 162 161 161 156  26
  28 122 170 170 169 169 168 166 165 165 164 162 159 159 153  26
  29 135 180 175 176 173 173 175 168 167 163 161 157 157 148  25
  28  37  46  53  52  52  53  47  53  50 119 158 158 157 148  27
  25  25  24  24  21  25  25  26  25  26 110 159 157 156 146  27
  24  24  24  23  22  24  23  24  23  22 124 158 156 154 140  20
  24  23  23  21  22  22  22  21  24  24 133 155 154 152 135  23
  25  25  25  23  22  21  22  21  22  25 127 132 130 130 110  24
  24  23  24  22  21  21  22  21  21  23  15  15  16  14  17  20
  22  14  14  13  12  14  24  22  22  22  13  15  15  14  16  23
  24 123 150 144 153 133  30  24  23  21 119 141 141 141 125  25
  26 128 154 153 152 143  27  23  22  23 128 149 148 144 130  21
  29 127 154 152 152 137  22  23  22  22 130 145 144 143 134  21
  27 121 153 152 152 150  23  26  26  24 119 145 144 144 132  20
  30 113 151 151 152 150  87  83  81  83 129 144 143 142 136  21
  23 122 151 151 150 149 149 149 146 144 144 142 142 141 142  22
  30 118 151 149 147 147 148 146 146 143 142 142 142 140 140  21
  22 107 150 148 147 147 147 145 145 143 142 142 144 137 138  21
  21 120 163 159 158 157 157 162 154 153 148 141 142 136 132  19
  21  29  40  49  48  48  50  44  48  47 111 137 138 136 133  21
  19  18  18  20  18  20  20  22  21  24 103 138 136 135 129  22
  21  20  20  20  18  19  19  18  19  20 116 137 135 133 126  16
  20  19  19  17  18  17  17  17  20  20 121 137 138 137 122  19
  21  21  21  19  18  17  18  17  18  23 125 122 121 121 104  20
  21  21  21  19  17  17  18  18  17  19  12  12  13  11  13  16

  37  35  33  26  31  43  29  33  31  30  27  33  29  28  27  24
  31 143 151 158 161 160 167 161 161 156 155 153 146 143 116  20
  24 163 178 176 176 175 173 171 169 167 167 167 166 161 133  17
  25 164 182 175 180 180 177 175 172 170 169 167 168 164 135  19
  25 166 187 186 180 174 176 175 173 172 169 170 171 168 140  18
  26 139 147 151 142 157 177 176 179 172 128 120 132 144 135  25
  34  30  33  30  32 104 182 180 183 177  53  27  29  30  30  26
  26  28  27  28  33 100 186 187 186 179  57  31  26  27  26  27
  30  31  30  32  34 103 186 185 184 186  49  28  19  22  26  27
  35  43  43  34  35 103 188 186 185 185  55  23  22  21  27  28
  22 154 170 165 181 184 188 187 186 186  55  24  22  24  24  22
  25 186 194 194 193 189 187 187 187 191  55  24  26  26  27  25
  24 174 191 190 191 193 192 188 187 189  56  34  31  21  24  30
  23 180 193 192 193 194 194 196 192 192  47  28  27  23  25  31
  27 149 156 153 145 140 141 138 138 146  45  26  27  26  27  33
  34  38  39  40  37  37  35  38  35  38  35  29  29  29  28  29
  28  33  27  24  24  23  26  26  26  25  27  27  20  23  24  20
  19 135 145 150 149 152 158 156 153 148 148 146 140 135 110  17
  17 154 164 164 164 162 162 161 159 157 157 156 154 152 130  14
  17 157 169 166 164 163 163 161 159 157 158 157 156 154 130  16
  18 155 169 167 166 164 163 162 162 161 158 159 158 155 132  15
  20 131 139 141 130 146 166 163 164 163 119 110 124 133 127  15
  27  25  27  28  26  95 167 165 165 167  50  26  22  24  25  23
  26  28  26  27  28  91 166 165 165 168  53  25  23  24  22  21
  26  28  28  27  30  90 169 166 166 175  47  26  24  21  21  21
  27  32  31  27  26  93 168 168 168 173  53  25  23  22  22  22
  19 149 157 152 163 169 169 169 169 173  52  25  24  22  21  21
  18 166 171 171 171 172 172 169 169 176  52  21  22  22  22  21
  15 160 173 172 171 171 171 171 170 175  53  24  23  21  23  22
  15 165 173 173 173 172 171 171 170 180  46  24  24  23  25  24
  17 132 140 138 131 125 129 125 122 135  37  25  24  23  25  23
  28  29  30  30  30  29  26  27  28  29  28  25  24  24  25  24
  23  25  21  21  20  21  22  21  21  19  21  22  16  19  20  16
  16 125 130 134 132 136 142 140 138 132 133 129 126 122 104  13
  14 141 144 143 144 142 141 140 137 136 136 135 133 137 121  11
  15 141 148 144 144 143 142 142 144 142 138 136 135 138 121  13
  15 141 149 145 145 144 142 142 142 141 137 138 137 137 122  12
  13 119 128 130 119 129 144 142 142 148 111 103 116 121 125  12
  22  21  23  22  24  83 144 143 143 153  47  24  20  20  23  19
  22  23  22  22  26  81 146 146 145 154  48  21  19  20  18  17
  22  24  23  23  26  83 149 146 145 162  44  22  18  17  17  18
  24  30  27  22  23  87 149 148 147 157  50  20  19  17  18  18
  14 133 143 137 150 150 149 147 147 157  48  20  19  17  17  17
  12 153 152 152 152 152 150 147 147 158  48  18  18  18  18  17
  13 144 153 152 152 151 151 149 148 159  49  20  20  17  19  19
  14 150 154 154 153 151 151 151 150 163  40  18  20  19  21  21
  14 123 128 127 121 113 122 118 107 120  29  18  20  19  21  21
  22  24  26  29  27  30  23  30  22  21  21  19  21  20  21  21

  24  20  17  19  18  25  26  27  27  28  22  25  30  31  33  29
  27 116 133 135 140 135  30  26  26  27  24  27  24  25  27  28
  28 143 161 164 168 144  30  27  22  21  24  26  21  23  26  29
  29 146 166 168 171 132  29  26  19  22  22  26  31  27  27  29
  33 153 167 167 170 120  27  31  28  23  24  24  34  28  26  29
  27 155 167 169 169 128  53  57  49  55  55  55  56  47  45  35
  30 156 167 170 172 172 177 179 186 185 186 191 189 192 146  38
  31 161 169 172 173 179 183 186 184 185 186 187 187 192 138  35
  33 161 171 175 175 176 180 187 185 186 187 187 188 196 138  38
  29 167 173 177 176 177 182 186 186 188 188 187 192 194 141  35
  43 160 175 180 174 157 104 100 103 103 184 189 193 194 140  37
  31 161 176 180 180 142  32  33  34  35 181 193 191 193 145  37
  26 158 176 175 186 151  30  28  32  34 165 194 190 192 153  40
  33 151 178 182 187 147  33  27  30  43 170 194 191 193 156  39
  35 143 163 164 166 139  30  28  31  43 154 186 174 180 149  38
  37  31  24  25  25  26  34  26  30  35  22  25  24  23  27  34
  20  17  14  16  15  15  23  21  21  22  21  21  22  24  23  24
  24 110 130 130 132 127  25  22  21  22  21  22  23  25  25  25
  23 135 152 154 155 133  24  24  21  22  22  22  21  23  23  24
  20 140 154 156 158 124  22  23  24  23  24  22  23  24  24  24
  27 146 156 157 159 110  26  25  26  25  25  21  24  24  25  25
  27 148 157 158 158 119  50  53  47  53  52  52  53  46  37  28
  25 148 157 157 161 163 167 168 175 173 173 176 175 180 135  29
  26 153 159 159 162 164 165 165 166 168 169 169 170 170 122  28
  26 156 161 161 162 163 165 165 166 168 169 169 171 171 125  27
  26 158 162 163 163 166 167 166 169 168 169 172 171 171 129  26
  23 152 162 163 164 146  95  91  90  93 169 172 171 172 125  29
  24 149 164 164 166 130  26  28  30  26 163 171 171 173 131  30
  24 150 164 166 167 141  28  27  27  27 152 171 172 173 138  30
  27 145 164 169 169 139  27  26  28  31 157 171 173 173 140  30
  33 135 154 157 155 131  25  28  28  32 149 166 160 165 132  29
  28  19  17  17  18  20  27  26  26  27  19  18  15  15  17  28
  16  13  11  13  12  12  19  17  18  18  17  17  19  21  21  21
  20 104 121 121 122 125  23  18  17  18  17  18  19  21  21  21
  19 122 137 138 137 121  20  20  17  17  17  18  17  19  19  20
  16 126 133 135 137 116  20  19  18  19  19  18  20  20  20  21
  22 129 135 136 138 103  24  21  22  20  20  18  20  18  18  19
  21 133 136 138 137 111  47  48  44  50  48  48  49  40  29  21
  19 132 136 142 141 148 153 154 162 157 157 158 159 163 120  21
  21 138 137 144 142 142 143 145 145 147 147 147 148 150 107  22
  21 140 140 142 142 142 143 146 146 148 147 147 149 151 118  30
  22 142 141 142 142 144 144 146 149 149 149 150 151 151 122  23
  21 136 142 143 144 129  83  81  83  87 150 152 151 151 113  30
  20 132 144 144 145 119  24  26  26  23 150 152 152 153 121  27
  21 134 143 144 145 130  22  22  23  22 137 152 152 154 127  29
  21 130 144 148 149 128  23  22  23  27 143 152 153 154 128  26
  25 125 141 141 141 119  21  23  24  30 133 153 144 150 123  24
  23  16  14  15  15  13  22  22  22  24  14  12  13  14  14  22

