  36  32  29  29  33  34  33  34  36  38  37  37  40  41  36  32
  36  29  26  30  32  61 151 151 152 151 155 149 150 150 130  25
  28  26  25  27  28  63 188 192 194 194 194 194 198 199 160  22
  38  31  32  28  30  68 191 189 196 198 199 199 199 196 164  20
  34  31  30  30  32  68 193 192 196 197 196 192 194 197 165  21
  30  81 100 111 106 114 185 189 193 189 174 167 170 171 150  25
  25 136 187 189 191 196 193 193 193 190  97  29  29  32  30  27
  26 143 185 188 184 185 192 193 193 192  91  27  26  29  28  30
  29 139 185 192 190 190 189 188 187 188  90  29  27  28  28  31
  27 139 183 192 189 189 191 190 188 189  92  29  27  29  29  28
  30 141 191 190 192 191 190 190 187 191 164 155 153 146 131  23
  30 136 184 183 189 191 188 187 186 188 185 187 186 185 154  23
  27 136 180 184 188 188 188 189 186 188 190 187 186 187 155  22
  30 134 175 181 183 184 184 183 184 186 187 188 187 184 151  23
  32 113 158 158 160 155 155 149 156 152 160 153 163 151 129  22
  37  39  35  34  34  36  36  32  28  27  26  26  25  27  34  31
  30  27  28  27  28  30  28  30  30  30  29  31  29  31  30  27
  28  28  28  27  28  56 143 140 139 140 143 137 137 138 119  20
  28  28  28  27  29  62 183 179 183 184 184 183 183 184 152  19
  27  29  28  27  28  66 184 179 181 183 183 183 183 183 155  19
  27  28  27  27  29  66 181 179 180 181 182 181 181 181 154  20
  24  80  95  98  99 110 177 177 177 176 166 162 162 165 144  21
  22 132 177 177 177 176 177 177 176 178  91  24  28  24  27  27
  23 138 176 178 179 178 177 177 177 179  85  28  25  27  25  25
  26 134 173 177 178 177 177 177 176 178  83  27  26  26  25  26
  23 134 172 176 177 176 176 176 178 180  85  29  29  27  29  26
  24 133 175 174 176 175 174 176 177 176 155 142 144 142 123  23
  25 131 171 171 174 175 174 175 175 175 176 176 175 175 145  19
  23 132 170 170 171 172 172 172 175 174 173 172 171 171 143  22
  23 128 169 170 168 170 171 171 171 171 171 171 170 171 144  22
  25 107 148 147 150 148 147 147 145 147 151 146 146 142 126  21
  30  33  28  25  27  29  26  24  26  25  27  28  23  23  27  24
  27  24  23  23  25  26  24  26  26  27  24  25  26  28  27  23
  24  23  23  23  24  53 135 129 129 130 133 126 127 131 115  17
  23  23  23  23  24  57 165 163 162 163 163 163 162 164 140  16
  21  25  24  23  23  62 168 161 160 163 163 163 161 162 141  15
  23  24  23  23  25  61 168 160 159 161 161 160 159 159 139  15
  21  79  88  92  92 103 162 158 159 159 148 145 147 147 135  17
  18 126 158 159 157 156 157 157 159 163  81  18  22  19  23  22
  19 132 158 158 157 156 157 157 157 163  79  23  21  22  21  21
  22 128 159 157 157 157 157 157 157 165  77  23  21  22  21  23
  20 129 159 157 157 156 156 156 156 159  79  24  24  21  23  22
  18 123 155 154 156 155 154 156 155 162 144 134 134 130 113  18
  20 125 155 156 155 155 154 154 155 156 155 156 155 155 135  14
  19 124 156 156 154 152 152 152 155 154 154 153 155 156 133  15
  19 119 155 157 153 154 155 156 156 153 151 153 154 154 131  15
  17  99 135 136 139 139 137 135 135 135 139 134 136 133 118  15
  22  24  22  22  24  25  24  20  21  20  22  23  19  19  24  21

  32  25  22  20  21  25  27  30  31  28  23  23  22  23  22  31
  36 130 160 164 165 150  30  28  28  29 131 154 155 151 129  34
  41 150 199 196 197 171  32  29  28  29 146 185 187 184 151  27
  40 150 198 199 194 170  29  26  27  27 153 186 186 187 163  25
  37 149 194 199 192 167  29  27  29  29 155 187 187 188 153  26
  37 155 194 199 196 174  97  91  90  92 164 185 190 187 160  26
  38 151 194 198 197 189 190 192 188 189 191 188 188 186 152  27
  36 152 194 196 196 193 193 193 187 188 187 186 186 184 156  28
  34 151 192 189 192 189 193 193 188 190 190 187 189 183 149  32
  33 151 188 191 193 185 193 192 189 191 190 188 188 184 155  36
  34  61  63  68  68 114 196 185 190 189 191 191 188 184 155  36
  33  32  28  30  32 106 191 184 190 189 192 189 188 183 160  34
  29  30  27  28  30 111 189 188 192 192 190 183 184 181 158  34
  29  26  25  32  30 100 187 185 185 183 191 184 180 175 158  35
  32  29  26  31  31  81 136 143 139 139 141 136 136 134 113  39
  36  36  28  38  34  30  25  26  29  27  30  30  27  30  32  37
  27  20  19  19  20  21  27  25  26  26  23  19  22  22  21  24
  30 119 152 155 154 144  27  25  25  29 123 145 143 144 126  27
  31 138 184 183 181 165  24  27  26  27 142 175 171 171 142  23
  29 137 183 183 181 162  28  25  26  29 144 175 171 170 146  23
  31 137 183 183 181 162  24  28  27  29 142 176 172 171 146  28
  29 143 184 183 182 166  91  85  83  85 155 176 173 171 151  27
  30 140 184 183 181 176 178 179 178 180 176 175 174 171 147  25
  30 139 183 181 180 177 176 177 176 178 177 175 175 171 145  26
  30 140 179 179 179 177 177 177 177 176 176 175 172 171 147  24
  28 143 183 184 181 177 177 177 177 176 174 174 172 171 147  26
  30  56  62  66  66 110 176 178 177 176 175 175 172 170 148  29
  28  28  29  28  29  99 177 179 178 177 176 174 171 168 150  27
  27  27  27  27  27  98 177 178 177 176 174 171 170 170 147  25
  28  28  28  28  27  95 177 176 173 172 175 171 170 169 148  28
  27  28  28  29  28  80 132 138 134 134 133 131 132 128 107  33
  30  28  28  27  27  24  22  23  26  23  24  25  23  23  25  30
  23  17  16  15  15  17  22  21  23  22  18  14  15  15  15  21
  27 115 140 141 139 135  23  21  21  23 113 135 133 131 118  24
  28 131 164 162 159 147  19  22  22  21 130 155 156 154 133  19
  26 127 162 161 159 147  22  21  21  24 134 155 155 154 136  19
  25 126 163 163 160 145  18  23  23  24 134 156 153 153 134  23
  24 133 163 163 161 148  81  79  77  79 144 155 154 151 139  22
  27 130 163 163 161 159 163 163 165 159 162 156 154 153 135  20
  26 129 162 160 159 159 159 157 157 156 155 155 155 156 135  21
  26 129 163 161 160 158 157 157 157 156 156 154 152 156 135  20
  24 135 165 168 168 162 157 157 157 156 154 154 152 155 137  24
  26  53  57  62  61 103 156 156 157 156 155 155 152 154 139  25
  25  24  24  23  25  92 157 157 157 157 156 155 154 153 139  24
  23  23  23  23  23  92 159 158 157 157 154 156 156 157 136  22
  23  23  23  24  23  88 158 158 159 159 155 155 156 155 135  22
  24  23  23  25  24  79 126 132 128 129 123 125 124 119  99  24
  27  24  23  21  23  21  18  19  22  20  18  20  19  19  17  22

  31  34  27  25  26  26  27  28  32  36  36  34  34  35  39  37
  22 129 151 163 153 160 152 156 149 155 155 160 158 158 113  32
  23 151 184 187 188 187 186 184 183 184 184 183 181 175 134  30
  22 155 187 186 187 190 188 186 189 188 188 188 184 180 136  27
  23 154 185 186 187 185 188 186 187 188 191 189 183 184 136  30
  23 131 146 153 155 164 191 187 190 190 191 192 190 191 141  30
  28  29  29  27  29  92 189 188 190 191 189 189 192 183 139  27
  31  28  28  27  29  90 188 187 188 189 190 190 192 185 139  29
  30  28  29  26  27  91 192 193 193 192 185 184 188 185 143  26
  27  30  32  29  29  97 190 193 193 193 196 191 189 187 136  25
  25 150 171 170 167 174 189 193 189 185 114 106 111 100  81  30
  21 165 197 194 192 196 197 196 192 193  68  32  30  30  31  34
  20 164 196 199 199 199 198 196 189 191  68  30  28  32  31  38
  22 160 199 198 194 194 194 194 192 188  63  28  27  25  26  28
  25 130 150 150 149 155 151 152 151 151  61  32  30  26  29  36
  32  36  41  40  37  37  38  36  34  33  34  33  29  29  32  36
  24  27  23  23  28  27  25  26  24  26  29  27  25  28  33  30
  21 126 142 146 146 151 147 145 147 147 148 150 147 148 107  25
  22 144 171 170 171 171 171 171 171 171 170 168 170 169 128  23
  22 143 171 171 172 173 174 175 172 172 172 171 170 170 132  23
  19 145 175 175 176 176 175 175 175 174 175 174 171 171 131  25
  23 123 142 144 142 155 176 177 176 174 175 176 174 175 133  24
  26  29  27  29  29  85 180 178 176 176 176 177 176 172 134  23
  26  25  26  26  27  83 178 176 177 177 177 178 177 173 134  26
  25  25  27  25  28  85 179 177 177 177 178 179 178 176 138  23
  27  27  24  28  24  91 178 176 177 177 176 177 177 177 132  22
  21 144 165 162 162 166 176 177 177 177 110  99  98  95  80  24
  20 154 181 181 181 182 181 180 179 181  66  29  27  27  28  27
  19 155 183 183 183 183 183 181 179 184  66  28  27  28  29  27
  19 152 184 183 183 184 184 183 179 183  62  29  27  28  28  28
  20 119 138 137 137 143 140 139 140 143  56  28  27  28  28  28
  27  30  31  29  31  29  30  30  30  28  30  28  27  28  27  30
  21  24  19  19  23  22  20  21  20  24  25  24  22  22  24  22
  15 118 133 136 134 139 135 135 135 137 139 139 136 135  99  17
  15 131 154 154 153 151 153 156 156 155 154 153 157 155 119  19
  15 133 156 155 153 154 154 155 152 152 152 154 156 156 124  19
  14 135 155 155 156 155 156 155 154 154 155 155 156 155 125  20
  18 113 130 134 134 144 162 155 156 154 155 156 154 155 123  18
  22  23  21  24  24  79 159 156 156 156 156 157 157 159 129  20
  23  21  22  21  23  77 165 157 157 157 157 157 157 159 128  22
  21  21  22  21  23  79 163 157 157 157 156 157 158 158 132  19
  22  23  19  22  18  81 163 159 157 157 156 157 159 158 126  18
  17 135 147 147 145 148 159 159 158 162 103  92  92  88  79  21
  15 139 159 159 160 161 161 159 160 168  61  25  23  23  24  23
  15 141 162 161 163 163 163 160 161 168  62  23  23  24  25  21
  16 140 164 162 163 163 163 162 163 165  57  24  23  23  23  23
  17 115 131 127 126 133 130 129 129 135  53  24  23  23  23  24
  23  27  28  26  25  24  27  26  26  24  26  25  23  23  24  27

  37  32  30  27  30  30  27  29  26  25  30  34  38  28  36  36
  39 113 134 136 136 141 139 139 143 136  81  31  31  26  29  32
  35 158 175 180 184 191 183 185 185 187 100  30  32  25  26  29
  34 158 181 184 183 190 192 192 188 189 111  30  28  27  30  29
  34 160 183 188 189 192 189 190 184 191 106  32  30  28  32  33
  36 155 184 188 191 191 189 190 185 196 114  68  68  63  61  34
  36 155 184 188 188 190 191 189 192 193 185 193 191 188 151  33
  32 149 183 189 187 190 190 188 193 193 189 192 189 192 151  34
  28 156 184 186 186 187 188 187 193 193 193 196 196 194 152  36
  27 152 186 188 188 191 189 188 192 190 189 197 198 194 151  38
  26 160 187 190 185 164  92  90  91  97 174 196 199 194 155  37
  26 153 188 187 187 155  29  29  27  29 167 192 199 194 149  37
  25 163 187 186 186 153  27  27  26  29 170 194 199 198 150  40
  27 151 184 187 185 146  29  28  29  32 171 197 196 199 150  41
  34 129 151 155 154 131  29  28  28  30 150 165 164 160 130  36
  31  22  23  22  23  23  28  31  30  27  25  21  20  22  25  32
  30  25  23  23  25  24  23  26  23  22  24  27  27  28  28  30
  33 107 128 132 131 133 134 134 138 132  80  28  29  28  28  27
  28 148 169 170 171 175 172 173 176 177  95  27  28  28  28  28
  25 147 170 170 171 174 176 177 178 177  98  27  27  27  27  27
  27 150 168 171 174 176 177 178 179 177  99  29  28  29  28  28
  29 148 170 172 175 175 176 177 178 176 110  66  66  62  56  30
  26 147 171 172 174 174 176 177 177 177 177 181 184 183 143  28
  24 147 171 172 175 176 176 177 177 177 177 179 179 179 140  30
  26 145 171 175 175 177 178 176 177 176 177 180 181 183 139  30
  25 147 171 174 175 176 180 178 179 178 176 181 183 184 140  30
  27 151 171 173 176 155  85  83  85  91 166 182 183 184 143  29
  28 146 171 172 176 142  29  27  28  24 162 181 183 183 137  31
  23 146 170 171 175 144  29  26  25  28 162 181 183 183 137  29
  23 142 171 171 175 142  27  26  27  24 165 181 183 184 138  31
  27 126 144 143 145 123  29  25  25  27 144 154 155 152 119  30
  24  21  22  22  19  23  26  26  25  27  21  20  19  19  20  27
  22  17  19  19  20  18  20  22  19  18  21  23  21  23  24  27
  24  99 119 124 125 123 129 128 132 126  79  24  25  23  23  24
  22 135 155 156 155 155 159 159 158 158  88  23  24  23  23  23
  22 136 157 156 156 154 157 157 158 159  92  23  23  23  23  23
  24 139 153 154 155 156 157 157 157 157  92  25  23  24  24  25
  25 139 154 152 155 155 156 157 156 156 103  61  62  57  53  26
  24 137 155 152 154 154 156 157 157 157 162 168 168 165 135  24
  20 135 156 152 154 156 156 157 157 157 158 160 161 163 129  26
  21 135 156 155 155 155 156 157 157 159 159 159 160 162 129  26
  20 135 153 154 156 162 159 165 163 163 159 161 163 163 130  27
  22 139 151 154 155 144  79  77  79  81 148 161 163 163 133  24
  23 134 153 153 156 134  24  23  23  18 145 160 163 163 126  25
  19 136 154 155 155 134  24  21  21  22 147 159 161 162 127  26
  19 133 154 156 155 130  21  22  22  19 147 159 162 164 131  28
  24 118 131 133 135 113  23  21  21  23 135 139 141 140 115  27
  21  15  15  15  14  18  22  23  21  22  17  15  15  16  17  23

