  21  22  20  19  23  23  25  24  26  26  33  33  30  32  26  32
  22  26  24  23  24  23  92 130 136 140 144 140 150 156 165 104
  18  23  22  23  24  22 110 176 182 186 185 187 189 190 192 120
  19  19  16  20  20  21 120 179 182 184 184 184 185 185 189 117
  18  18  18  19  19  22 116 178 178 179 178 181 185 185 182 120
  20  18  18  22  22  23 108 160 168 163 165 179 181 181 180 117
  22  12  14  20  22  25  24  21  25  37  29 183 179 181 181 114
  20  20  17  18  23  25  27  22  25  25  34 179 179 180 179 118
  18  18  21  24  22  22  26  25  22  21  23 174 178 178 180 114
  15  15  20  23  26  24  30  28  20  24  37 176 175 178 179 117
  22  78 133 126 122 132 128 125 132 132 131 171 174 176 177 110
  18  67 162 169 172 172 173 172 172 172 172 173 173 175 176 113
  17  77 158 167 169 168 169 171 172 172 172 172 172 172 174 110
  18  79 160 164 166 171 169 169 169 165 166 172 171 167 169 106
  17  51 136 141 149 151 150 152 154 145 146 142 141 141 144  90
  24  24  22  21  20  23  24  24  26  26  25  23  21  22  26  25
  19  20  21  21  22  21  25  24  24  24  25  26  26  24  23  23
  21  20  20  21  21  19  88 121 126 127 130 126 135 137 141  91
  21  21  20  20  21  19 106 161 165 165 166 166 165 167 165 111
  19  21  20  20  21  18 113 161 163 165 166 166 167 167 167 107
  17  20  19  19  18  18 112 160 162 162 163 163 167 167 167 109
  19  20  20  19  19  18 103 154 157 149 156 165 164 164 164 107
  19  19  21  19  19  19  18  20  20  24  24 173 163 163 164 102
  17  17  20  21  20  20  21  22  21  21  33 171 163 162 162 107
  16  17  20  20  19  19  22  21  20  21  24 167 162 161 164 103
  15  17  22  20  23  21  22  20  22  26  36 169 161 161 162 106
  19  75 126 113 112 121 112 111 118 119 117 159 158 160 161  98
  20  67 153 154 156 156 155 156 156 156 156 157 157 159 160 100
  19  78 152 152 154 155 155 155 156 156 155 155 156 159 159 101
  19  76 150 151 152 155 154 153 153 155 154 154 155 155 156  99
  17  46 128 130 140 140 140 139 143 138 139 136 130 127 129  83
  19  21  19  19  18  17  19  18  21  20  22  22  19  20  18  23
  17  17  16  16  17  17  21  19  20  20  22  21  20  20  19  21
  17  17  16  17  17  16  84 116 119 118 118 116 124 125 128  82
  16  16  16  16  17  15 101 143 145 145 145 145 146 147 147  99
  15  16  15  15  16  15 105 140 141 143 144 144 145 145 149  97
  13  15  15  15  13  13 107 140 139 140 141 142 145 145 143  99
  14  15  15  15  15  14  97 139 141 136 138 148 144 144 143  96
  15  17  19  16  15  16  13  15  16  22  18 159 143 143 145  95
  13  15  16  16  16  17  17  17  17  17  28 156 140 142 143  99
  12  13  15  16  15  15  18  17  16  16  21 159 141 141 143  94
  11  12  17  16  19  17  18  17  17  21  31 154 139 138 140  96
  15  71 121 105 107 113 104 102 109 113 107 140 138 140 141  85
  15  64 142 137 136 136 137 137 136 136 135 136 137 139 140  86
  14  74 137 138 136 135 135 135 136 136 137 137 136 138 141  92
  16  70 137 136 136 135 135 133 134 139 139 138 135 134 139  90
  17  42 120 119 126 126 129 128 134 127 127 124 114 115 117  77
  15  17  15  13  17  13  15  15  18  16  18  17  14  16  15  19

  32 104 120 117 120 117 114 118 114 117 110 113 110 106  90  25
  26 165 192 189 182 180 181 179 180 179 177 176 174 169 144  26
  32 156 190 185 185 181 181 180 178 178 176 175 172 167 141  22
  30 150 189 185 185 181 179 179 178 175 174 173 172 171 141  21
  33 140 187 184 181 179 183 179 174 176 171 173 172 172 142  23
  33 144 185 184 178 165  29  34  23  37 131 172 172 166 146  25
  26 140 186 184 179 163  37  25  21  24 132 172 172 165 145  26
  26 136 182 182 178 168  25  25  22  20 132 172 172 169 154  26
  24 130 176 179 178 160  21  22  25  28 125 172 171 169 152  24
  25  92 110 120 116 108  24  27  26  30 128 173 169 169 150  24
  23  23  22  21  22  23  25  25  22  24 132 172 168 171 151  23
  23  24  24  20  19  22  22  23  22  26 122 172 169 166 149  20
  19  23  23  20  19  22  20  18  24  23 126 169 167 164 141  21
  20  24  22  16  18  18  14  17  21  20 133 162 158 160 136  22
  22  26  23  19  18  18  12  20  18  15  78  67  77  79  51  24
  21  22  18  19  18  20  22  20  18  15  22  18  17  18  17  24
  23  91 111 107 109 107 102 107 103 106  98 100 101  99  83  23
  23 141 165 167 167 164 164 162 164 162 161 160 159 156 129  18
  24 137 167 167 167 164 163 162 161 161 160 159 159 155 127  20
  26 135 165 167 167 164 163 163 162 161 158 157 156 155 130  19
  26 126 166 166 163 165 173 171 167 169 159 157 155 154 136  22
  25 130 166 166 163 156  24  33  24  36 117 156 155 154 139  22
  24 127 165 165 162 149  24  21  21  26 119 156 156 155 138  20
  24 126 165 163 162 157  20  21  20  22 118 156 156 153 143  21
  24 121 161 161 160 154  20  22  21  20 111 156 155 153 139  18
  25  88 106 113 112 103  18  21  22  22 112 155 155 154 140  19
  21  19  19  18  18  18  19  20  19  21 121 156 155 155 140  17
  22  21  21  21  18  19  19  20  19  23 112 156 154 152 140  18
  21  21  20  20  19  19  19  21  20  20 113 154 152 151 130  19
  21  20  20  20  19  20  21  20  20  22 126 153 152 150 128  19
  20  20  21  21  20  20  19  17  17  17  75  67  78  76  46  21
  19  21  21  19  17  19  19  17  16  15  19  20  19  19  17  19
  21  82  99  97  99  96  95  99  94  96  85  86  92  90  77  19
  19 128 147 149 143 143 145 143 143 140 141 140 141 139 117  15
  20 125 147 145 145 144 143 142 141 138 140 139 138 134 115  16
  20 124 146 145 145 144 143 140 141 139 138 137 136 135 114  14
  21 116 145 144 142 148 159 156 159 154 140 136 137 138 124  17
  22 118 145 144 141 138  18  28  21  31 107 135 137 139 127  18
  20 118 145 143 140 136  22  17  16  21 113 136 136 139 127  16
  20 119 145 141 139 141  16  17  16  17 109 136 136 134 134  18
  19 116 143 140 140 139  15  17  17  17 102 137 135 133 128  15
  21  84 101 105 107  97  13  17  18  18 104 137 135 135 129  15
  17  16  15  15  13  14  16  17  15  17 113 136 135 135 126  13
  17  17  17  16  13  15  15  16  15  19 107 136 136 136 126  17
  16  17  16  15  15  15  16  16  16  16 105 137 138 136 119  13
  16  16  16  15  15  15  19  16  15  17 121 142 137 137 120  15
  17  17  16  16  15  15  17  15  13  12  71  64  74  70  42  17
  17  17  16  15  13  14  15  13  12  11  15  15  14  16  17  15

  25  26  22  21  23  25  26  26  24  24  23  20  21  22  24  24
  90 144 141 141 142 146 145 154 152 150 151 149 141 136  51  17
 106 169 167 171 172 166 165 169 169 169 171 166 164 160  79  18
 110 174 172 172 172 172 172 172 171 169 168 169 167 158  77  17
 113 176 175 173 173 172 172 172 172 173 172 172 169 162  67  18
 110 177 176 174 171 131 132 132 125 128 132 122 126 133  78  22
 117 179 178 175 176  37  24  20  28  30  24  26  23  20  15  15
 114 180 178 178 174  23  21  22  25  26  22  22  24  21  18  18
 118 179 180 179 179  34  25  25  22  27  25  23  18  17  20  20
 114 181 181 179 183  29  37  25  21  24  25  22  20  14  12  22
 117 180 181 181 179 165 163 168 160 108  23  22  22  18  18  20
 120 182 185 185 181 178 179 178 178 116  22  19  19  18  18  18
 117 189 185 185 184 184 184 182 179 120  21  20  20  16  19  19
 120 192 190 189 187 185 186 182 176 110  22  24  23  22  23  18
 104 165 156 150 140 144 140 136 130  92  23  24  23  24  26  22
  32  26  32  30  33  33  26  26  24  25  23  23  19  20  22  21
  23  18  20  19  22  22  20  21  18  19  17  18  19  19  21  19
  83 129 127 130 136 139 138 143 139 140 140 140 130 128  46  17
  99 156 155 155 154 154 155 153 153 154 155 152 151 150  76  19
 101 159 159 156 155 155 156 156 155 155 155 154 152 152  78  19
 100 160 159 157 157 156 156 156 156 155 156 156 154 153  67  20
  98 161 160 158 159 117 119 118 111 112 121 112 113 126  75  19
 106 162 161 161 169  36  26  22  20  22  21  23  20  22  17  15
 103 164 161 162 167  24  21  20  21  22  19  19  20  20  17  16
 107 162 162 163 171  33  21  21  22  21  20  20  21  20  17  17
 102 164 163 163 173  24  24  20  20  18  19  19  19  21  19  19
 107 164 164 164 165 156 149 157 154 103  18  19  19  20  20  19
 109 167 167 167 163 163 162 162 160 112  18  18  19  19  20  17
 107 167 167 167 166 166 165 163 161 113  18  21  20  20  21  19
 111 165 167 165 166 166 165 165 161 106  19  21  20  20  21  21
  91 141 137 135 126 130 127 126 121  88  19  21  21  20  20  21
  23  23  24  26  26  25  24  24  24  25  21  22  21  21  20  19
  19  15  16  14  17  18  16  18  15  15  13  17  13  15  17  15
  77 117 115 114 124 127 127 134 128 129 126 126 119 120  42  17
  90 139 134 135 138 139 139 134 133 135 135 136 136 137  70  16
  92 141 138 136 137 137 136 136 135 135 135 136 138 137  74  14
  86 140 139 137 136 135 136 136 137 137 136 136 137 142  64  15
  85 141 140 138 140 107 113 109 102 104 113 107 105 121  71  15
  96 140 138 139 154  31  21  17  17  18  17  19  16  17  12  11
  94 143 141 141 159  21  16  16  17  18  15  15  16  15  13  12
  99 143 142 140 156  28  17  17  17  17  17  16  16  16  15  13
  95 145 143 143 159  18  22  16  15  13  16  15  16  19  17  15
  96 143 144 144 148 138 136 141 139  97  14  15  15  15  15  14
  99 143 145 145 142 141 140 139 140 107  13  13  15  15  15  13
  97 149 145 145 144 144 143 141 140 105  15  16  15  15  16  15
  99 147 147 146 145 145 145 145 143 101  15  17  16  16  16  16
  82 128 125 124 116 118 118 119 116  84  16  17  17  16  17  17
  21  19  20  20  21  22  20  20  19  21  17  17  16  16  17  17

  24  17  18  17  18  22  15  18  20  22  20  18  19  18  22  21
  24  51  79  77  67  78  15  18  20  12  18  18  19  23  26  22
  22 136 160 158 162 133  20  21  17  14  18  18  16  22  24  20
  21 141 164 167 169 126  23  24  18  20  22  19  20  23  23  19
  20 149 166 169 172 122  26  22  23  22  22  19  20  24  24  23
  23 151 171 168 172 132  24  22  25  25  23  22  21  22  23  23
  24 150 169 169 173 128  30  26  27  24 108 116 120 110  92  25
  24 152 169 171 172 125  28  25  22  21 160 178 179 176 130  24
  26 154 169 172 172 132  20  22  25  25 168 178 182 182 136  26
  26 145 165 172 172 132  24  21  25  37 163 179 184 186 140  26
  25 146 166 172 172 131  37  23  34  29 165 178 184 185 144  33
  23 142 172 172 173 171 176 174 179 183 179 181 184 187 140  33
  21 141 171 172 173 174 175 178 179 179 181 185 185 189 150  30
  22 141 167 172 175 176 178 178 180 181 181 185 185 190 156  32
  26 144 169 174 176 177 179 180 179 181 180 182 189 192 165  26
  25  90 106 110 113 110 117 114 118 114 117 120 117 120 104  32
  19  17  19  19  20  19  15  16  17  19  19  17  19  21  21  19
  21  46  76  78  67  75  17  17  17  19  20  20  21  21  20  20
  19 128 150 152 153 126  22  20  20  21  20  19  20  20  20  21
  19 130 151 152 154 113  20  20  21  19  19  19  20  20  21  21
  18 140 152 154 156 112  23  19  20  19  19  18  21  21  21  22
  17 140 155 155 156 121  21  19  20  19  18  18  18  19  19  21
  19 140 154 155 155 112  22  22  21  18 103 112 113 106  88  25
  18 139 153 155 156 111  20  21  22  20 154 160 161 161 121  24
  21 143 153 156 156 118  22  20  21  20 157 162 163 165 126  24
  20 138 155 156 156 119  26  21  21  24 149 162 165 165 127  24
  22 139 154 155 156 117  36  24  33  24 156 163 166 166 130  25
  22 136 154 155 157 159 169 167 171 173 165 163 166 166 126  26
  19 130 155 156 157 158 161 162 163 163 164 167 167 165 135  26
  20 127 155 159 159 160 161 161 162 163 164 167 167 167 137  24
  18 129 156 159 160 161 162 164 162 164 164 167 167 165 141  23
  23  83  99 101 100  98 106 103 107 102 107 109 107 111  91  23
  15  17  16  14  15  15  11  12  13  15  14  13  15  16  17  17
  17  42  70  74  64  71  12  13  15  17  15  15  16  16  17  17
  15 120 137 137 142 121  17  15  16  19  15  15  15  16  16  16
  13 119 136 138 137 105  16  16  16  16  15  15  15  16  17  16
  17 126 136 136 136 107  19  15  16  15  15  13  16  17  17  17
  13 126 135 135 136 113  17  15  17  16  14  13  15  15  16  17
  15 129 135 135 137 104  18  18  17  13  97 107 105 101  84  21
  15 128 133 135 137 102  17  17  17  15 139 140 140 143 116  19
  18 134 134 136 136 109  17  16  17  16 141 139 141 145 119  20
  16 127 139 136 136 113  21  16  17  22 136 140 143 145 118  20
  18 127 139 137 135 107  31  21  28  18 138 141 144 145 118  22
  17 124 138 137 136 140 154 159 156 159 148 142 144 145 116  21
  14 114 135 136 137 138 139 141 140 143 144 145 145 146 124  20
  16 115 134 138 139 140 138 141 142 143 144 145 145 147 125  20
  15 117 139 141 140 141 140 143 143 145 143 143 149 147 128  19
  19  77  90  92  86  85  96  94  99  95  96  99  97  99  82  21

