  26  29  28  27  32  34  36  33  36  37  39  37  38  40  39  37
  26  23  27  31  32  35  39  35  38  31 148 153 157 154 108  43
  28  28  33  34  34  37  36  35  38  19 184 188 196 192 134  34
  33  30  31  37  35  37  34  35  39  20 191 189 190 191 134  38
  29  28  30  30  34  37  36  34  38  21 186 189 189 189 132  39
  28  30  29  29  33  51  83  79  76  68 185 188 189 189 130  29
  27  29  24  26  29  86 180 186 183 186 185 188 188 186 133  34
  29  30  26  31  32  83 179 185 185 181 181 185 188 189 127  30
  29  29  29  32  37  87 182 183 182 182 183 185 187 186 129  35
  22  32  31  29  32  83 180 180 182 184 185 185 187 186 134  33
  18 139 150 148 149 162 177 177 178 179 181 182 180 180 125  30
  23 161 174 178 177 178 179 179 180 179 178 181 185 184 126  28
  17 151 169 177 177 178 177 177 179 178 175 176 180 182 130  29
  20 151 170 170 175 177 177 176 178 176 175 177 178 177 123  27
  21 113 128 130 138 137 134 139 141 144 136 136 141 140 104  34
  23  25  30  31  32  34  34  37  45  42  42  41  41  43  37  34
  28  25  25  26  26  29  30  30  30  29  32  32  33  35  34  29
  28  27  27  26  26  29  29  29  29  22 136 140 141 137  92  29
  27  24  25  26  26  29  30  30  31  18 174 172 173 174 121  29
  26  25  25  27  27  29  30  32  31  17 177 171 172 171 125  31
  27  26  27  27  27  29  30  34  34  19 178 171 171 170 116  27
  25  27  26  26  26  43  77  73  68  58 174 170 171 169 117  24
  24  26  24  26  27  80 170 170 167 167 167 170 170 169 120  26
  26  27  26  26  25  80 165 166 166 167 168 169 170 168 116  24
  26  27  26  27  29  84 166 167 166 166 166 167 169 167 120  30
  25  26  24  28  26  73 166 164 166 166 166 167 168 168 121  25
  15 131 139 138 138 151 164 164 165 165 166 167 167 166 115  24
  20 154 161 162 161 162 163 163 163 163 162 165 166 166 115  24
  17 148 160 161 161 163 162 161 163 162 163 164 164 166 120  25
  16 142 158 160 158 160 161 160 162 162 163 163 163 161 112  24
  20 111 124 124 131 130 126 131 132 133 133 132 132 127  93  26
  26  28  25  25  28  29  29  31  28  28  36  35  32  33  29  26
  23  24  25  23  23  25  27  27  26  26  28  27  27  29  27  26
  23  22  22  23  23  25  27  26  26  19 130 129 129 127  85  26
  23  20  22  22  23  26  26  27  27  13 161 152 154 156 112  24
  23  23  24  20  24  26  26  28  28  15 160 151 152 152 113  25
  23  22  23  23  23  26  26  28  28  14 166 151 151 151 105  21
  21  23  22  22  23  40  71  65  61  52 164 151 151 149 108  22
  20  22  19  21  23  74 158 154 150 149 149 150 150 149 107  20
  22  23  22  22  20  78 149 146 146 146 147 148 150 149 104  22
  22  23  22  23  24  78 150 146 146 146 146 147 148 146 104  21
  20  23  21  23  22  67 148 144 145 146 146 146 146 147 111  22
  11 124 128 125 127 141 144 144 144 143 144 145 145 144 105  19
  17 145 145 142 141 141 142 142 143 143 142 144 146 146 104  18
  12 137 143 141 141 140 140 141 143 142 142 144 144 146 107  18
  12 132 142 143 144 141 141 140 142 142 142 143 143 141 102  20
  15 103 113 112 117 115 114 117 119 121 116 117 120 117  88  23
  21  23  22  23  23  24  24  27  26  26  29  28  27  28  25  23

  37  43  34  38  39  29  34  30  35  33  30  28  29  27  34  34
  39 108 134 134 132 130 133 127 129 134 125 126 130 123 104  37
  40 154 192 191 189 189 186 189 186 186 180 184 182 177 140  43
  38 157 196 190 189 189 188 188 187 187 180 185 180 178 141  41
  37 153 188 189 189 188 188 185 185 185 182 181 176 177 136  41
  39 148 184 191 186 185 185 181 183 185 181 178 175 175 136  42
  37  31  19  20  21  68 186 181 182 184 179 179 178 176 144  42
  36  38  38  39  38  76 183 185 182 182 178 180 179 178 141  45
  33  35  35  35  34  79 186 185 183 180 177 179 177 176 139  37
  36  39  36  34  36  83 180 179 182 180 177 179 177 177 134  34
  34  35  37  37  37  51  86  83  87  83 162 178 178 177 137  34
  32  32  34  35  34  33  29  32  37  32 149 177 177 175 138  32
  27  31  34  37  30  29  26  31  32  29 148 178 177 170 130  31
  28  27  33  31  30  29  24  26  29  31 150 174 169 170 128  30
  29  23  28  30  28  30  29  30  29  32 139 161 151 151 113  25
  26  26  28  33  29  28  27  29  29  22  18  23  17  20  21  23
  29  29  29  31  27  24  26  24  30  25  24  24  25  24  26  26
  34  92 121 125 116 117 120 116 120 121 115 115 120 112  93  29
  35 137 174 171 170 169 169 168 167 168 166 166 166 161 127  33
  33 141 173 172 171 171 170 170 169 168 167 166 164 163 132  32
  32 140 172 171 171 170 170 169 167 167 167 165 164 163 132  35
  32 136 174 177 178 174 167 168 166 166 166 162 163 163 133  36
  29  22  18  17  19  58 167 167 166 166 165 163 162 162 133  28
  30  29  31  31  34  68 167 166 166 166 165 163 163 162 132  28
  30  29  30  32  34  73 170 166 167 164 164 163 161 160 131  31
  30  29  30  30  30  77 170 165 166 166 164 163 162 161 126  29
  29  29  29  29  29  43  80  80  84  73 151 162 163 160 130  29
  26  26  26  27  27  26  27  25  29  26 138 161 161 158 131  28
  26  26  26  27  27  26  26  26  27  28 138 162 161 160 124  25
  25  27  25  25  27  26  24  26  26  24 139 161 160 158 124  25
  25  27  24  25  26  27  26  27  27  26 131 154 148 142 111  28
  28  28  27  26  27  25  24  26  26  25  15  20  17  16  20  26
  26  26  24  25  21  22  20  22  21  22  19  18  18  20  23  23
  27  85 112 113 105 108 107 104 104 111 105 104 107 102  88  25
  29 127 156 152 151 149 149 149 146 147 144 146 146 141 117  28
  27 129 154 152 151 151 150 150 148 146 145 146 144 143 120  27
  27 129 152 151 151 151 150 148 147 146 145 144 144 143 117  28
  28 130 161 160 166 164 149 147 146 146 144 142 142 142 116  29
  26  19  13  15  14  52 149 146 146 146 143 143 142 142 121  26
  26  26  27  28  28  61 150 146 146 145 144 143 143 142 119  26
  27  26  27  28  28  65 154 146 146 144 144 142 141 140 117  27
  27  27  26  26  26  71 158 149 150 148 144 142 140 141 114  24
  25  25  26  26  26  40  74  78  78  67 141 141 140 141 115  24
  23  23  23  24  23  23  23  20  24  22 127 141 141 144 117  23
  23  23  22  20  23  22  21  22  23  23 125 142 141 143 112  23
  25  22  22  24  23  22  19  22  22  21 128 145 143 142 113  22
  24  22  20  23  22  23  22  23  23  23 124 145 137 132 103  23
  23  23  23  23  23  21  20  22  22  20  11  17  12  12  15  21

  34  37  43  41  41  42  42  45  37  34  34  32  31  30  25  23
  34 104 140 141 136 136 144 141 139 134 137 138 130 128 113  21
  27 123 177 178 177 175 176 178 176 177 177 175 170 170 151  20
  29 130 182 180 176 175 178 179 177 177 178 177 177 169 151  17
  28 126 184 185 181 178 179 180 179 179 178 177 178 174 161  23
  30 125 180 180 182 181 179 178 177 177 162 149 148 150 139  18
  33 134 186 187 185 185 184 182 180 180  83  32  29  31  32  22
  35 129 186 187 185 183 182 182 183 182  87  37  32  29  29  29
  30 127 189 188 185 181 181 185 185 179  83  32  31  26  30  29
  34 133 186 188 188 185 186 183 186 180  86  29  26  24  29  27
  29 130 189 189 188 185  68  76  79  83  51  33  29  29  30  28
  39 132 189 189 189 186  21  38  34  36  37  34  30  30  28  29
  38 134 191 190 189 191  20  39  35  34  37  35  37  31  30  33
  34 134 192 196 188 184  19  38  35  36  37  34  34  33  28  28
  43 108 154 157 153 148  31  38  35  39  35  32  31  27  23  26
  37  39  40  38  37  39  37  36  33  36  34  32  27  28  29  26
  26  29  33  32  35  36  28  28  31  29  29  28  25  25  28  26
  26  93 127 132 132 133 133 132 131 126 130 131 124 124 111  20
  24 112 161 163 163 163 162 162 160 161 160 158 160 158 142  16
  25 120 166 164 164 163 162 163 161 162 163 161 161 160 148  17
  24 115 166 166 165 162 163 163 163 163 162 161 162 161 154  20
  24 115 166 167 167 166 165 165 164 164 151 138 138 139 131  15
  25 121 168 168 167 166 166 166 164 166  73  26  28  24  26  25
  30 120 167 169 167 166 166 166 167 166  84  29  27  26  27  26
  24 116 168 170 169 168 167 166 166 165  80  25  26  26  27  26
  26 120 169 170 170 167 167 167 170 170  80  27  26  24  26  24
  24 117 169 171 170 174  58  68  73  77  43  26  26  26  27  25
  27 116 170 171 171 178  19  34  34  30  29  27  27  27  26  27
  31 125 171 172 171 177  17  31  32  30  29  27  27  25  25  26
  29 121 174 173 172 174  18  31  30  30  29  26  26  25  24  27
  29  92 137 141 140 136  22  29  29  29  29  26  26  27  27  28
  29  34  35  33  32  32  29  30  30  30  29  26  26  25  25  28
  23  25  28  27  28  29  26  26  27  24  24  23  23  22  23  21
  23  88 117 120 117 116 121 119 117 114 115 117 112 113 103  15
  20 102 141 143 143 142 142 142 140 141 141 144 143 142 132  12
  18 107 146 144 144 142 142 143 141 140 140 141 141 143 137  12
  18 104 146 146 144 142 143 143 142 142 141 141 142 145 145  17
  19 105 144 145 145 144 143 144 144 144 141 127 125 128 124  11
  22 111 147 146 146 146 146 145 144 148  67  22  23  21  23  20
  21 104 146 148 147 146 146 146 146 150  78  24  23  22  23  22
  22 104 149 150 148 147 146 146 146 149  78  20  22  22  23  22
  20 107 149 150 150 149 149 150 154 158  74  23  21  19  22  20
  22 108 149 151 151 164  52  61  65  71  40  23  22  22  23  21
  21 105 151 151 151 166  14  28  28  26  26  23  23  23  22  23
  25 113 152 152 151 160  15  28  28  26  26  24  20  24  23  23
  24 112 156 154 152 161  13  27  27  26  26  23  22  22  20  23
  26  85 127 129 129 130  19  26  26  27  25  23  23  22  22  23
  26  27  29  27  27  28  26  26  27  27  25  23  23  25  24  23

  23  21  20  17  23  18  22  29  29  27  28  29  33  28  26  26
  25 113 151 151 161 139  32  29  30  29  30  28  30  28  23  29
  30 128 170 169 174 150  31  29  26  24  29  30  31  33  27  28
  31 130 170 177 178 148  29  32  31  26  29  30  37  34  31  27
  32 138 175 177 177 149  32  37  32  29  33  34  35  34  32  32
  34 137 177 178 178 162  83  87  83  86  51  37  37  37  35  34
  34 134 177 177 179 177 180 182 179 180  83  36  34  36  39  36
  37 139 176 177 179 177 180 183 185 186  79  34  35  35  35  33
  45 141 178 179 180 178 182 182 185 183  76  38  39  38  38  36
  42 144 176 178 179 179 184 182 181 186  68  21  20  19  31  37
  42 136 175 175 178 181 185 183 181 185 185 186 191 184 148  39
  41 136 177 176 181 182 185 185 185 188 188 189 189 188 153  37
  41 141 178 180 185 180 187 187 188 188 189 189 190 196 157  38
  43 140 177 182 184 180 186 186 189 186 189 189 191 192 154  40
  37 104 123 130 126 125 134 129 127 133 130 132 134 134 108  39
  34  34  27  29  28  30  33  35  30  34  29  39  38  34  43  37
  26  20  16  17  20  15  25  26  26  24  25  27  26  27  28  28
  28 111 142 148 154 131  26  27  27  26  27  26  25  24  27  25
  25 124 158 160 161 139  24  26  26  24  26  27  25  25  27  25
  25 124 160 161 162 138  28  27  26  26  26  27  27  26  26  26
  28 131 158 161 161 138  26  29  25  27  26  27  27  26  26  26
  29 130 160 163 162 151  73  84  80  80  43  29  29  29  29  29
  29 126 161 162 163 164 166 166 165 170  77  30  30  30  29  30
  31 131 160 161 163 164 164 167 166 170  73  34  32  30  29  30
  28 132 162 163 163 165 166 166 166 167  68  34  31  31  29  30
  28 133 162 162 163 165 166 166 167 167  58  19  17  18  22  29
  36 133 163 163 162 166 166 166 168 167 174 178 177 174 136  32
  35 132 163 164 165 167 167 167 169 170 170 171 171 172 140  32
  32 132 163 164 166 167 168 169 170 170 171 171 172 173 141  33
  33 127 161 166 166 166 168 167 168 169 169 170 171 174 137  35
  29  93 112 120 115 115 121 120 116 120 117 116 125 121  92  34
  26  26  24  25  24  24  25  30  24  26  24  27  31  29  29  29
  21  15  12  12  17  11  20  22  22  20  21  23  23  23  23  23
  23 103 132 137 145 124  23  23  23  22  23  22  23  20  22  24
  22 113 142 143 145 128  21  22  22  19  22  23  24  22  22  25
  23 112 143 141 142 125  23  23  22  21  22  23  20  22  23  23
  23 117 144 141 141 127  22  24  20  23  23  23  24  23  23  23
  24 115 141 140 141 141  67  78  78  74  40  26  26  26  25  25
  24 114 141 140 142 144 148 150 149 158  71  26  26  26  27  27
  27 117 140 141 142 144 144 146 146 154  65  28  28  27  26  27
  26 119 142 143 143 144 145 146 146 150  61  28  28  27  26  26
  26 121 142 142 143 143 146 146 146 149  52  14  15  13  19  26
  29 116 142 142 142 144 146 146 147 149 164 166 160 161 130  28
  28 117 143 144 144 145 146 147 148 150 151 151 151 152 129  27
  27 120 143 144 146 145 146 148 150 150 151 151 152 154 129  27
  28 117 141 146 146 144 147 146 149 149 149 151 152 156 127  29
  25  88 102 107 104 105 111 104 104 107 108 105 113 112  85  27
  23  23  20  18  18  19  22  21  22  20  22  21  25  24  26  26

