  34  33  29  29  29  29  31  36  34  34  33  32  29  24  33  31
  27  30  27  28  28  30  33  33  33  28 132 163 157 163 127  22
  33  33  30  26  30  30  31  31  35  29 153 189 195 194 158  31
  33  33  30  29  33  32  33  31  33  25 155 188 194 195 158  34
  30  33  33  32  29  27  30  31  35  29 160 187 191 191 151  33
  27  71  95  96  86  76  61  70  75  69 153 188 189 186 154  26
  28 146 183 185 183 187 190 190 184 189 191 187 186 186 149  27
  24 140 186 185 184 186 185 186 185 182 181 186 185 185 147  25
  25 137 180 182 184 185 186 187 185 183 183 185 185 185 150  25
  24 127 181 181 183 183 183 184 185 187 187 185 182 179 150  26
  27 143 178 178 181 183 183 183 183 185 185 185 185 184 147  20
  21 129 178 180 180 181 182 183 183 184 183 183 183 179 149  25
  18 131 176 180 177 176 179 183 182 180 179 185 182 181 146  20
  24 132 174 178 181 180 180 183 180 176 178 183 178 177 140  21
  21 119 150 152 156 152 155 147 154 155 151 151 155 156 121  23
  23  30  38  39  37  22  25  28  28  26  30  37  36  33  23  25
  27  28  24  25  25  26  26  26  28  28  27  25  26  26  27  26
  27  27  24  24  25  26  26  25  25  20 124 150 139 146 113  19
  29  28  26  26  27  27  27  27  28  21 143 174 175 173 146  22
  28  27  27  28  28  27  28  25  28  20 147 174 175 174 141  20
  27  29  27  28  28  26  28  27  28  21 152 173 171 171 138  19
  24  66  85  86  76  68  60  62  60  56 145 172 171 172 144  22
  23 135 170 171 171 176 172 175 172 174 168 170 169 172 143  21
  20 132 169 168 169 170 169 170 170 169 169 170 169 169 140  22
  22 134 167 167 169 170 169 169 168 169 169 169 169 169 140  19
  21 122 167 167 168 168 167 167 168 169 169 169 166 167 143  20
  22 136 166 166 166 167 167 167 167 169 169 167 166 166 137  18
  23 125 165 164 165 166 167 167 167 168 167 166 166 163 138  19
  22 128 163 164 164 165 166 167 166 167 167 166 165 165 139  16
  19 124 164 164 163 164 164 167 164 166 167 166 163 163 133  16
  21 112 144 148 146 144 148 146 150 148 144 142 138 142 113  17
  24  26  28  25  27  24  25  24  25  25  25  24  24  28  22  24
  24  24  21  21  21  22  23  23  20  20  25  25  23  22  27  22
  23  23  20  20  21  22  22  22  22  18 116 139 126 134 107  15
  23  23  22  22  23  23  23  23  25  18 135 156 153 154 129  15
  21  22  23  24  24  23  24  21  24  17 138 157 152 154 128  15
  23  25  24  24  24  22  24  23  24  15 142 157 155 152 127  18
  20  62  82  78  70  62  54  58  51  47 135 154 153 150 129  17
  16 124 149 150 155 161 156 158 156 160 150 150 149 148 129  17
  15 123 149 149 149 150 149 150 150 149 149 150 149 146 128  18
  18 129 146 146 147 147 147 147 147 149 149 149 149 147 126  14
  16 117 146 146 146 146 146 146 148 149 149 149 146 146 128  15
  17 126 145 145 145 146 146 146 146 149 149 147 146 146 125  15
  18 113 143 143 144 145 146 146 146 147 147 146 146 144 125  13
  21 121 146 144 144 144 145 146 145 146 146 145 146 149 127  16
  17 117 145 144 144 144 144 146 144 144 146 145 146 148 122  15
  16 107 131 131 130 129 134 128 133 132 129 127 122 126 105  13
  19  22  24  20  22  18  20  18  20  20  21  22  21  20  18  19

  31  22  31  34  33  26  27  25  25  26  20  25  20  21  23  25
  33 127 158 158 151 154 149 147 150 150 147 149 146 140 121  23
  24 163 194 195 191 186 186 185 185 179 184 179 181 177 156  33
  29 157 195 194 191 189 186 185 185 182 185 183 182 178 155  36
  32 163 189 188 187 188 187 186 185 185 185 183 185 183 151  37
  33 132 153 155 160 153 191 181 183 187 185 183 179 178 151  30
  34  28  29  25  29  69 189 182 183 187 185 184 180 176 155  26
  34  33  35  33  35  75 184 185 185 185 183 183 182 180 154  28
  36  33  31  31  31  70 190 186 187 184 183 183 183 183 147  28
  31  33  31  33  30  61 190 185 186 183 183 182 179 180 155  25
  29  30  30  32  27  76 187 186 185 183 183 181 176 180 152  22
  29  28  30  33  29  86 183 184 184 183 181 180 177 181 156  37
  29  28  26  29  32  96 185 185 182 181 178 180 180 178 152  39
  29  27  30  30  33  95 183 186 180 181 178 178 176 174 150  38
  33  30  33  33  33  71 146 140 137 127 143 129 131 132 119  30
  34  27  33  33  30  27  28  24  25  24  27  21  18  24  21  23
  26  19  22  20  19  22  21  22  19  20  18  19  16  16  17  24
  27 113 146 141 138 144 143 140 140 143 137 138 139 133 113  22
  26 146 173 174 171 172 172 169 169 167 166 163 165 163 142  28
  26 139 175 175 171 171 169 169 169 166 166 166 165 163 138  24
  25 150 174 174 173 172 170 170 169 169 167 166 166 166 142  24
  27 124 143 147 152 145 168 169 169 169 169 167 167 167 144  25
  28  20  21  20  21  56 174 169 169 169 169 168 167 166 148  25
  28  25  28  28  28  60 172 170 168 168 167 167 166 164 150  25
  26  25  27  25  27  62 175 170 169 167 167 167 167 167 146  24
  26  26  27  28  28  60 172 169 169 167 167 167 166 164 148  25
  26  26  27  27  26  68 176 170 170 168 167 166 165 164 144  24
  25  25  27  28  28  76 171 169 169 168 166 165 164 163 146  27
  25  24  26  28  28  86 171 168 167 167 166 164 164 164 148  25
  24  24  26  27  27  85 170 169 167 167 166 165 163 164 144  28
  28  27  28  27  29  66 135 132 134 122 136 125 128 124 112  26
  27  27  29  28  27  24  23  20  22  21  22  23  22  19  21  24
  22  15  15  15  18  17  17  18  14  15  15  13  16  15  13  19
  27 107 129 128 127 129 129 128 126 128 125 125 127 122 105  18
  22 134 154 154 152 150 148 146 147 146 146 144 149 148 126  20
  23 126 153 152 155 153 149 149 149 146 146 146 146 146 122  21
  25 139 156 157 157 154 150 150 149 149 147 146 145 145 127  22
  25 116 135 138 142 135 150 149 149 149 149 147 146 146 129  21
  20  18  18  17  15  47 160 149 149 149 149 147 146 144 132  20
  20  22  25  24  24  51 156 150 147 148 146 146 145 144 133  20
  23  22  23  21  23  58 158 150 147 146 146 146 146 146 128  18
  23  22  23  24  24  54 156 149 147 146 146 146 145 144 134  20
  22  22  23  23  22  62 161 150 147 146 146 145 144 144 129  18
  21  21  23  24  24  70 155 149 147 146 145 144 144 144 130  22
  21  20  22  24  24  78 150 149 146 146 145 143 144 144 131  20
  21  20  22  23  24  82 149 149 146 146 145 143 146 145 131  24
  24  23  23  22  25  62 124 123 129 117 126 113 121 117 107  22
  24  23  23  21  23  20  16  15  18  16  17  18  21  17  16  19

  25  23  33  36  37  30  26  28  28  25  22  37  39  38  30  23
  23 121 156 155 151 151 155 154 147 155 152 156 152 150 119  21
  21 140 177 178 183 178 176 180 183 180 180 181 178 174 132  24
  20 146 181 182 185 179 180 182 183 179 176 177 180 176 131  18
  25 149 179 183 183 183 184 183 183 182 181 180 180 178 129  21
  20 147 184 185 185 185 185 183 183 183 183 181 178 178 143  27
  26 150 179 182 185 187 187 185 184 183 183 183 181 181 127  24
  25 150 185 185 185 183 183 185 187 186 185 184 182 180 137  25
  25 147 185 185 186 181 182 185 186 185 186 184 185 186 140  24
  27 149 186 186 187 191 189 184 190 190 187 183 185 183 146  28
  26 154 186 189 188 153  69  75  70  61  76  86  96  95  71  27
  33 151 191 191 187 160  29  35  31  30  27  29  32  33  33  30
  34 158 195 194 188 155  25  33  31  33  32  33  29  30  33  33
  31 158 194 195 189 153  29  35  31  31  30  30  26  30  33  33
  22 127 163 157 163 132  28  33  33  33  30  28  28  27  30  27
  31  33  24  29  32  33  34  34  36  31  29  29  29  29  33  34
  24  22  28  24  24  25  25  25  24  25  24  27  25  28  26  24
  17 113 142 138 142 144 148 150 146 148 144 146 148 144 112  21
  16 133 163 163 166 167 166 164 167 164 164 163 164 164 124  19
  16 139 165 165 166 167 167 166 167 166 165 164 164 163 128  22
  19 138 163 166 166 167 168 167 167 167 166 165 164 165 125  23
  18 137 166 166 167 169 169 167 167 167 167 166 166 166 136  22
  20 143 167 166 169 169 169 168 167 167 168 168 167 167 122  21
  19 140 169 169 169 169 169 168 169 169 170 169 167 167 134  22
  22 140 169 169 170 169 169 170 170 169 170 169 168 169 132  20
  21 143 172 169 170 168 174 172 175 172 176 171 171 170 135  23
  22 144 172 171 172 145  56  60  62  60  68  76  86  85  66  24
  19 138 171 171 173 152  21  28  27  28  26  28  28  27  29  27
  20 141 174 175 174 147  20  28  25  28  27  28  28  27  27  28
  22 146 173 175 174 143  21  28  27  27  27  27  26  26  28  29
  19 113 146 139 150 124  20  25  25  26  26  25  24  24  27  27
  26  27  26  26  25  27  28  28  26  26  26  25  25  24  28  27
  19  18  20  21  22  21  20  20  18  20  18  22  20  24  22  19
  13 105 126 122 127 129 132 133 128 134 129 130 131 131 107  16
  15 122 148 146 145 146 144 144 146 144 144 144 144 145 117  17
  16 127 149 146 145 146 146 145 146 145 144 144 144 146 121  21
  13 125 144 146 146 147 147 146 146 146 145 144 143 143 113  18
  15 125 146 146 147 149 149 146 146 146 146 145 145 145 126  17
  15 128 146 146 149 149 149 148 146 146 146 146 146 146 117  16
  14 126 147 149 149 149 149 147 147 147 147 147 146 146 129  18
  18 128 146 149 150 149 149 150 150 149 150 149 149 149 123  15
  17 129 148 149 150 150 160 156 158 156 161 155 150 149 124  16
  17 129 150 153 154 135  47  51  58  54  62  70  78  82  62  20
  18 127 152 155 157 142  15  24  23  24  22  24  24  24  25  23
  15 128 154 152 157 138  17  24  21  24  23  24  24  23  22  21
  15 129 154 153 156 135  18  25  23  23  23  23  22  22  23  23
  15 107 134 126 139 116  18  22  22  22  22  21  20  20  23  23
  22  27  22  23  25  25  20  20  23  23  22  21  21  21  24  24

  23  21  24  18  21  27  24  25  24  28  27  30  33  33  27  34
  30 119 132 131 129 143 127 137 140 146  71  33  33  33  30  33
  38 150 174 176 178 178 181 180 186 183  95  33  30  30  27  29
  39 152 178 180 180 178 181 182 185 185  96  32  29  26  28  29
  37 156 181 177 180 181 183 184 184 183  86  29  33  30  28  29
  22 152 180 176 181 183 183 185 186 187  76  27  32  30  30  29
  25 155 180 179 182 183 183 186 185 190  61  30  33  31  33  31
  28 147 183 183 183 183 184 187 186 190  70  31  31  31  33  36
  28 154 180 182 183 183 185 185 185 184  75  35  33  35  33  34
  26 155 176 180 184 185 187 183 182 189  69  29  25  29  28  34
  30 151 178 179 183 185 187 183 181 191 153 160 155 153 132  33
  37 151 183 185 183 185 185 185 186 187 188 187 188 189 163  32
  36 155 178 182 183 185 182 185 185 186 189 191 194 195 157  29
  33 156 177 181 179 184 179 185 185 186 186 191 195 194 163  24
  23 121 140 146 149 147 150 150 147 149 154 151 158 158 127  33
  25  23  21  20  25  20  26  25  25  27  26  33  34  31  22  31
  24  21  19  22  23  22  21  22  20  23  24  27  28  29  27  27
  26 112 124 128 125 136 122 134 132 135  66  29  27  28  27  28
  28 144 164 163 165 166 167 167 169 170  85  27  27  26  24  24
  25 148 164 164 164 166 167 167 168 171  86  28  28  26  24  25
  27 146 163 164 165 166 168 169 169 171  76  28  28  27  25  25
  24 144 164 165 166 167 168 170 170 176  68  26  27  27  26  26
  25 148 164 166 167 167 167 169 169 172  60  28  28  27  26  26
  24 146 167 167 167 167 167 169 170 175  62  27  25  27  25  26
  25 150 164 166 167 167 168 168 170 172  60  28  28  28  25  28
  25 148 166 167 168 169 169 169 169 174  56  21  20  21  20  28
  25 144 167 167 167 169 169 169 169 168 145 152 147 143 124  27
  24 142 166 166 166 167 169 169 170 170 172 173 174 174 150  25
  24 138 163 165 166 166 166 169 169 169 171 171 175 175 139  26
  28 142 163 165 163 166 167 169 169 172 172 171 174 173 146  26
  22 113 133 139 138 137 143 140 140 143 144 138 141 146 113  27
  24  17  16  16  19  18  20  19  22  21  22  19  20  22  19  26
  19  16  17  21  18  17  16  18  15  16  20  23  21  23  23  24
  22 107 117 121 113 126 117 129 123 124  62  25  22  23  23  24
  24 131 145 146 143 145 146 146 149 149  82  24  23  22  20  21
  20 131 144 144 143 145 146 146 149 150  78  24  24  22  20  21
  22 130 144 144 144 145 146 147 149 155  70  24  24  23  21  21
  18 129 144 144 145 146 146 147 150 161  62  22  23  23  22  22
  20 134 144 145 146 146 146 147 149 156  54  24  24  23  22  23
  18 128 146 146 146 146 146 147 150 158  58  23  21  23  22  23
  20 133 144 145 146 146 148 147 150 156  51  24  24  25  22  20
  20 132 144 146 147 149 149 149 149 160  47  15  17  18  18  20
  21 129 146 146 147 149 149 149 149 150 135 142 138 135 116  25
  22 127 145 145 146 147 149 149 150 150 154 157 157 156 139  25
  21 122 146 146 146 146 146 149 149 149 153 155 152 153 126  23
  20 126 148 149 144 146 146 147 146 148 150 152 154 154 134  22
  18 105 122 127 125 125 128 126 128 129 129 127 128 129 107  27
  19  13  15  16  13  15  15  14  18  17  17  18  15  15  15  22

