  33  31  33  29  29  30  33  36  39  34  34  34  36  34  39  41
  33  33  36  31  32  24 160 168 190 178 176 189 195 190 184  94
  29  33  33  30  31  27 175 204 199 196 196 197 196 196 196  96
  29  30  30  30  29  24 178 193 193 195 197 198 199 199 195 110
  29  29  29  30  29  24 166 191 194 194 196 196 199 198 195 106
  25  65  87 102  95  86 157 158 164 171 172 199 193 191 191  97
  28 103 187 189 189 198  71  36  44  40  70 197 193 192 189 113
  28  95 186 189 191 198  77  34  35  37  67 196 193 193 189 109
  29  95 180 186 188 188  74  32  32  32  65 197 195 195 193  99
  26  95 181 186 187 187  73  30  31  28  59 192 192 194 197 116
  20  97 183 186 187 189 165 166 166 166 181 187 191 192 194 108
  25  87 180 180 181 188 189 189 190 192 190 191 190 190 189  96
  21  92 174 180 182 186 188 189 189 190 182 188 189 188 190 111
  24  92 173 181 181 185 187 186 185 187 185 190 191 188 188 113
  21  81 153 145 153 167 160 160 166 167 161 161 158 148 159  80
  15  25  30  29  28  29  31  33  33  30  33  36  34  35  33  32
  26  28  25  24  26  27  27  26  29  29  28  27  28  29  28  26
  27  27  25  25  28  18 153 157 188 169 165 175 180 172 164  91
  25  26  26  25  28  19 160 179 176 180 180 180 179 178 178  90
  25  26  27  27  26  18 170 179 179 179 180 179 178 178 180 101
  24  27  27  26  25  19 155 175 178 179 179 179 179 179 178  98
  22  54  74  89  87  76 151 145 148 157 155 177 178 178 178  92
  24  95 173 173 174 181  66  29  33  31  61 180 178 177 176 104
  25  89 170 172 173 178  72  27  27  29  62 181 177 177 177 100
  23  90 168 170 172 176  67  27  28  29  60 180 177 177 175  95
  22  87 167 168 170 176  65  24  27  25  57 178 175 177 176 104
  20  92 166 167 169 170 151 153 154 151 168 175 176 176 175  97
  21  85 166 168 170 172 172 172 173 174 174 174 174 175 174  86
  17  90 162 164 166 169 170 171 171 172 174 173 172 172 175 101
  20  89 163 163 164 167 169 169 169 171 171 171 171 172 172 104
  22  81 149 137 145 156 149 150 154 157 150 151 147 139 153  76
  18  22  21  20  24  25  23  24  28  25  26  29  28  28  27  26
  18  20  22  21  22  23  24  23  26  25  24  24  25  25  21  21
  21  21  22  22  21  13 144 143 171 157 152 156 159 153 152  86
  21  23  23  22  21  12 150 159 155 159 160 158 156 156 156  80
  21  22  23  23  21  13 157 156 157 158 158 158 157 157 160  91
  20  23  23  25  23  13 144 155 158 154 156 159 157 157 159  89
  18  51  69  84  82  72 140 131 129 135 135 159 156 156 157  84
  20  87 155 153 154 157  60  23  20  25  59 163 157 157 155  94
  20  82 150 150 151 159  60  23  24  22  56 163 157 157 155  90
  19  84 151 149 151 157  61  24  24  23  53 166 157 157 157  84
  19  80 151 148 150 159  60  23  25  20  50 164 155 155 158  93
  15  86 151 147 148 153 139 140 138 131 153 156 154 153 155  90
  15  82 147 145 147 150 150 150 151 152 152 152 152 152 154  80
  10  88 146 144 145 149 150 151 151 152 151 151 151 152 156  91
  14  80 146 143 144 146 147 148 149 151 151 151 152 152 152  94
  16  73 138 124 132 138 130 132 138 141 131 130 128 120 135  72
  13  18  18  12  14  18  20  21  21  19  17  21  22  26  24  23

  41  94  96 110 106  97 113 109  99 116 108  96 111 113  80  32
  39 184 196 195 195 191 189 189 193 197 194 189 190 188 159  33
  34 190 196 199 198 191 192 193 195 194 192 190 188 188 148  35
  36 195 196 199 199 193 193 193 195 192 191 190 189 191 158  34
  34 189 197 198 196 199 197 196 197 192 187 191 188 190 161  36
  34 176 196 197 196 172  70  67  65  59 181 190 182 185 161  33
  34 178 196 195 194 171  40  37  32  28 166 192 190 187 167  30
  39 190 199 193 194 164  44  35  32  31 166 190 189 185 166  33
  36 168 204 193 191 158  36  34  32  30 166 189 189 186 160  33
  33 160 175 178 166 157  71  77  74  73 165 189 188 187 160  31
  30  24  27  24  24  86 198 198 188 187 189 188 186 185 167  29
  29  32  31  29  29  95 189 191 188 187 187 181 182 181 153  28
  29  31  30  30  30 102 189 189 186 186 186 180 180 181 145  29
  33  36  33  30  29  87 187 186 180 181 183 180 174 173 153  30
  31  33  33  30  29  65 103  95  95  95  97  87  92  92  81  25
  33  33  29  29  29  25  28  28  29  26  20  25  21  24  21  15
  26  91  90 101  98  92 104 100  95 104  97  86 101 104  76  26
  28 164 178 180 178 178 176 177 175 176 175 174 175 172 153  27
  29 172 178 178 179 178 177 177 177 177 176 175 172 172 139  28
  28 180 179 178 179 178 178 177 177 175 176 174 172 171 147  28
  27 175 180 179 179 177 180 181 180 178 175 174 173 171 151  29
  28 165 180 180 179 155  61  62  60  57 168 174 174 171 150  26
  29 169 180 179 179 157  31  29  29  25 151 174 172 171 157  25
  29 188 176 179 178 148  33  27  28  27 154 173 171 169 154  28
  26 157 179 179 175 145  29  27  27  24 153 172 171 169 150  24
  27 153 160 170 155 151  66  72  67  65 151 172 170 169 149  23
  27  18  19  18  19  76 181 178 176 176 170 172 169 167 156  25
  26  28  28  26  25  87 174 173 172 170 169 170 166 164 145  24
  24  25  25  27  26  89 173 172 170 168 167 168 164 163 137  20
  25  25  26  27  27  74 173 170 168 167 166 166 162 163 149  21
  28  27  26  26  27  54  95  89  90  87  92  85  90  89  81  22
  26  27  25  25  24  22  24  25  23  22  20  21  17  20  22  18
  21  86  80  91  89  84  94  90  84  93  90  80  91  94  72  23
  21 152 156 160 159 157 155 155 157 158 155 154 156 152 135  24
  25 153 156 157 157 156 157 157 157 155 153 152 152 152 120  26
  25 159 156 157 157 156 157 157 157 155 154 152 151 152 128  22
  24 156 158 158 159 159 163 163 166 164 156 152 151 151 130  21
  24 152 160 158 156 135  59  56  53  50 153 152 151 151 131  17
  25 157 159 158 154 135  25  22  23  20 131 152 152 151 141  19
  26 171 155 157 158 129  20  24  24  25 138 151 151 149 138  21
  23 143 159 156 155 131  23  23  24  23 140 150 151 148 132  21
  24 144 150 157 144 140  60  60  61  60 139 150 150 147 130  20
  23  13  12  13  13  72 157 159 157 159 153 150 149 146 138  18
  22  21  21  21  23  82 154 151 151 150 148 147 145 144 132  14
  21  22  22  23  25  84 153 150 149 148 147 145 144 143 124  12
  22  22  23  23  23  69 155 150 151 151 151 147 146 146 138  18
  20  21  23  22  23  51  87  82  84  80  86  82  88  80  73  18
  18  21  21  21  20  18  20  20  19  19  15  15  10  14  16  13

  32  33  35  34  36  33  30  33  33  31  29  28  29  30  25  15
  80 159 148 158 161 161 167 166 160 160 167 153 145 153  81  21
 113 188 188 191 190 185 187 185 186 187 185 181 181 173  92  24
 111 190 188 189 188 182 190 189 189 188 186 182 180 174  92  21
  96 189 190 190 191 190 192 190 189 189 188 181 180 180  87  25
 108 194 192 191 187 181 166 166 166 165 189 187 186 183  97  20
 116 197 194 192 192  59  28  31  30  73 187 187 186 181  95  26
  99 193 195 195 197  65  32  32  32  74 188 188 186 180  95  29
 109 189 193 193 196  67  37  35  34  77 198 191 189 186  95  28
 113 189 192 193 197  70  40  44  36  71 198 189 189 187 103  28
  97 191 191 193 199 172 171 164 158 157  86  95 102  87  65  25
 106 195 198 199 196 196 194 194 191 166  24  29  30  29  29  29
 110 195 199 199 198 197 195 193 193 178  24  29  30  30  30  29
  96 196 196 196 197 196 196 199 204 175  27  31  30  33  33  29
  94 184 190 195 189 176 178 190 168 160  24  32  31  36  33  33
  41  39  34  36  34  34  34  39  36  33  30  29  29  33  31  33
  26  27  28  28  29  26  25  28  24  23  25  24  20  21  22  18
  76 153 139 147 151 150 157 154 150 149 156 145 137 149  81  22
 104 172 172 171 171 171 171 169 169 169 167 164 163 163  89  20
 101 175 172 172 173 174 172 171 171 170 169 166 164 162  90  17
  86 174 175 174 174 174 174 173 172 172 172 170 168 166  85  21
  97 175 176 176 175 168 151 154 153 151 170 169 167 166  92  20
 104 176 177 175 178  57  25  27  24  65 176 170 168 167  87  22
  95 175 177 177 180  60  29  28  27  67 176 172 170 168  90  23
 100 177 177 177 181  62  29  27  27  72 178 173 172 170  89  25
 104 176 177 178 180  61  31  33  29  66 181 174 173 173  95  24
  92 178 178 178 177 155 157 148 145 151  76  87  89  74  54  22
  98 178 179 179 179 179 179 178 175 155  19  25  26  27  27  24
 101 180 178 178 179 180 179 179 179 170  18  26  27  27  26  25
  90 178 178 179 180 180 180 176 179 160  19  28  25  26  26  25
  91 164 172 180 175 165 169 188 157 153  18  28  25  25  27  27
  26  28  29  28  27  28  29  29  26  27  27  26  24  25  28  26
  23  24  26  22  21  17  19  21  21  20  18  14  12  18  18  13
  72 135 120 128 130 131 141 138 132 130 138 132 124 138  73  16
  94 152 152 152 151 151 151 149 148 147 146 144 143 146  80  14
  91 156 152 151 151 151 152 151 151 150 149 145 144 146  88  10
  80 154 152 152 152 152 152 151 150 150 150 147 145 147  82  15
  90 155 153 154 156 153 131 138 140 139 153 148 147 151  86  15
  93 158 155 155 164  50  20  25  23  60 159 150 148 151  80  19
  84 157 157 157 166  53  23  24  24  61 157 151 149 151  84  19
  90 155 157 157 163  56  22  24  23  60 159 151 150 150  82  20
  94 155 157 157 163  59  25  20  23  60 157 154 153 155  87  20
  84 157 156 156 159 135 135 129 131 140  72  82  84  69  51  18
  89 159 157 157 159 156 154 158 155 144  13  23  25  23  23  20
  91 160 157 157 158 158 158 157 156 157  13  21  23  23  22  21
  80 156 156 156 158 160 159 155 159 150  12  21  22  23  23  21
  86 152 153 159 156 152 157 171 143 144  13  21  22  22  21  21
  21  21  25  25  24  24  25  26  23  24  23  22  21  22  20  18

  15  21  24  21  25  20  26  29  28  28  25  29  29  29  33  33
  25  81  92  92  87  97  95  95  95 103  65  29  30  33  33  31
  30 153 173 174 180 183 181 180 186 187  87  29  30  33  36  33
  29 145 181 180 180 186 186 186 189 189 102  30  30  30  31  29
  28 153 181 182 181 187 187 188 191 189  95  29  29  31  32  29
  29 167 185 186 188 189 187 188 198 198  86  24  24  27  24  30
  31 160 187 188 189 165  73  74  77  71 157 166 178 175 160  33
  33 160 186 189 189 166  30  32  34  36 158 191 193 204 168  36
  33 166 185 189 190 166  31  32  35  44 164 194 193 199 190  39
  30 167 187 190 192 166  28  32  37  40 171 194 195 196 178  34
  33 161 185 182 190 181  59  65  67  70 172 196 197 196 176  34
  36 161 190 188 191 187 192 197 196 197 199 196 198 197 189  34
  34 158 191 189 190 191 192 195 193 193 193 199 199 196 195  36
  35 148 188 188 190 192 194 195 193 192 191 198 199 196 190  34
  33 159 188 190 189 194 197 193 189 189 191 195 195 196 184  39
  32  80 113 111  96 108 116  99 109 113  97 106 110  96  94  41
  18  22  20  17  21  20  22  23  25  24  22  24  25  25  27  26
  22  81  89  90  85  92  87  90  89  95  54  27  26  26  27  28
  21 149 163 162 166 166 167 168 170 173  74  27  27  26  25  25
  20 137 163 164 168 167 168 170 172 173  89  26  27  25  25  24
  24 145 164 166 170 169 170 172 173 174  87  25  26  28  28  26
  25 156 167 169 172 170 176 176 178 181  76  19  18  19  18  27
  23 149 169 170 172 151  65  67  72  66 151 155 170 160 153  27
  24 150 169 171 172 153  24  27  27  29 145 175 179 179 157  26
  28 154 169 171 173 154  27  28  27  33 148 178 179 176 188  29
  25 157 171 172 174 151  25  29  29  31 157 179 179 180 169  29
  26 150 171 174 174 168  57  60  62  61 155 179 180 180 165  28
  29 151 171 173 174 175 178 180 181 180 177 179 179 180 175  27
  28 147 171 172 174 176 175 177 177 178 178 179 178 179 180  28
  28 139 172 172 175 176 177 177 177 177 178 179 178 178 172  29
  27 153 172 175 174 175 176 175 177 176 178 178 180 178 164  28
  26  76 104 101  86  97 104  95 100 104  92  98 101  90  91  26
  13  16  14  10  15  15  19  19  20  20  18  20  21  21  21  18
  18  73  80  88  82  86  80  84  82  87  51  23  22  23  21  20
  18 138 146 146 147 151 151 151 150 155  69  23  23  23  22  22
  12 124 143 144 145 147 148 149 150 153  84  25  23  22  22  21
  14 132 144 145 147 148 150 151 151 154  82  23  21  21  21  22
  18 138 146 149 150 153 159 157 159 157  72  13  13  12  13  23
  20 130 147 150 150 139  60  61  60  60 140 144 157 150 144  24
  21 132 148 151 150 140  23  24  23  23 131 155 156 159 143  23
  21 138 149 151 151 138  25  24  24  20 129 158 157 155 171  26
  19 141 151 152 152 131  20  23  22  25 135 154 158 159 157  25
  17 131 151 151 152 153  50  53  56  59 135 156 158 160 152  24
  21 130 151 151 152 156 164 166 163 163 159 159 158 158 156  24
  22 128 152 151 152 154 155 157 157 157 156 157 157 156 159  25
  26 120 152 152 152 153 155 157 157 157 156 157 157 156 153  25
  24 135 152 156 154 155 158 157 155 155 157 159 160 156 152  21
  23  72  94  91  80  90  93  84  90  94  84  89  91  80  86  21

