  29  30  34  32  37  40  40  36  38  40  42  47  49  44  39  38
  26  27  35  35  32  31  35  36  37  27 173 168 161 168 132  31
  35  40  37  33  25  25  34  42  39  24 204 211 206 205 171  28
  37  35  37  35  34  30  28  32  34  21 197 210 206 206 156  33
  37  34  35  34  34  32  33  39  40  24 199 207 209 207 164  25
  36  67  64  56  67  48  38  40  41  25 189 205 207 209 168  29
  22 203 204 207 200 146  33  41  44  31 202 201 205 206 160  33
  24 202 200 202 202 133  32  37  42  25 190 204 205 206 170  34
  18 200 198 199 199 147  32  36  42  30 185 201 204 204 161  32
  20 192 197 197 198 134  34  35  40  28 199 201 203 202 165  28
  18 195 196 198 199 190 160 163 162 152 188 197 201 198 162  29
  22 187 198 196 195 195 194 194 197 197 197 198 199 195 147  25
  17 202 195 192 193 194 192 193 197 197 197 197 198 196 158  25
  16 182 191 189 188 191 193 192 192 195 194 191 192 197 143  27
  19 162 135 145 166 176 168 174 174 160 169 170 167 170 127  24
  29  31  30  33  40  46  41  41  39  34  38  41  44  40  37  29
  30  31  31  29  33  34  34  33  35  37  42  40  36  33  38  34
  32  31  30  31  34  33  32  33  34  23 163 147 139 154 120  25
  30  29  29  30  32  31  31  31  33  20 193 193 188 187 159  24
  30  28  29  29  31  29  31  33  34  17 184 190 188 187 141  25
  30  27  29  28  30  31  30  31  32  19 193 191 191 189 153  23
  29  54  48  32  59  42  32  33  33  18 180 189 188 190 158  21
  18 195 189 194 192 140  28  32  34  21 190 189 188 189 148  25
  22 192 182 184 184 125  27  34  36  21 185 188 189 190 158  26
  16 191 181 183 183 138  28  32  35  20 181 188 188 188 147  23
  19 184 180 181 182 125  26  34  35  16 191 187 186 187 153  24
  15 188 180 180 181 174 145 145 150 138 181 182 184 186 155  26
  20 176 176 179 178 181 181 180 181 181 183 182 183 182 139  22
  13 193 175 176 177 178 179 180 181 181 181 181 183 183 152  22
  15 175 173 174 173 175 176 176 176 177 178 177 179 181 135  24
  17 159 131 137 160 169 154 162 170 153 161 170 160 159 122  24
  27  28  27  28  28  30  34  37  32  29  33  32  31  29  32  31
  26  27  27  25  27  27  28  29  31  33  35  32  32  32  31  28
  27  27  27  27  29  28  28  29  30  21 155 133 125 146 110  20
  27  27  26  26  27  26  27  29  30  16 177 167 167 166 147  21
  27  25  26  26  27  25  26  28  29  16 174 171 168 167 130  21
  24  22  25  25  26  27  26  28  29  18 184 170 171 169 142  21
  23  47  43  31  55  39  29  28  27  13 168 170 169 171 140  20
  15 186 176 180 177 132  20  27  29  16 178 170 169 169 136  22
  14 181 164 164 164 115  21  31  32  17 174 167 168 170 146  23
  14 179 160 163 163 128  22  29  31  17 172 166 167 167 135  21
  15 173 160 160 162 110  26  28  31  14 180 169 167 167 139  21
  11 176 157 158 159 156 131 130 138 125 166 169 166 170 147  22
  15 164 157 159 158 160 160 159 160 160 163 161 163 165 131  18
  10 183 157 156 157 158 158 159 160 160 160 161 161 164 138  18
  12 169 152 154 156 157 158 158 159 160 161 160 161 163 124  20
  12 150 119 123 143 155 137 145 157 140 144 153 143 142 113  19
  23  24  23  24  26  27  25  31  29  25  27  25  24  22  30  27

  38  31  28  33  25  29  33  34  32  28  29  25  25  27  24  29
  39 132 171 156 164 168 160 170 161 165 162 147 158 143 127  37
  44 168 205 206 207 209 206 206 204 202 198 195 196 197 170  40
  49 161 206 206 209 207 205 205 204 203 201 199 198 192 167  44
  47 168 211 210 207 205 201 204 201 201 197 198 197 191 170  41
  42 173 204 197 199 189 202 190 185 199 188 197 197 194 169  38
  40  27  24  21  24  25  31  25  30  28 152 197 197 195 160  34
  38  37  39  34  40  41  44  42  42  40 162 197 197 192 174  39
  36  36  42  32  39  40  41  37  36  35 163 194 193 192 174  41
  40  35  34  28  33  38  33  32  32  34 160 194 192 193 168  41
  40  31  25  30  32  48 146 133 147 134 190 195 194 191 176  46
  37  32  25  34  34  67 200 202 199 198 199 195 193 188 166  40
  32  35  33  35  34  56 207 202 199 197 198 196 192 189 145  33
  34  35  37  37  35  64 204 200 198 197 196 198 195 191 135  30
  30  27  40  35  34  67 203 202 200 192 195 187 202 182 162  31
  29  26  35  37  37  36  22  24  18  20  18  22  17  16  19  29
  34  25  24  25  23  21  25  26  23  24  26  22  22  24  24  31
  38 120 159 141 153 158 148 158 147 153 155 139 152 135 122  32
  33 154 187 187 189 190 189 190 188 187 186 182 183 181 159  29
  36 139 188 188 191 188 188 189 188 186 184 183 183 179 160  31
  40 147 193 190 191 189 189 188 188 187 182 182 181 177 170  32
  42 163 193 184 193 180 190 185 181 191 181 183 181 178 161  33
  37  23  20  17  19  18  21  21  20  16 138 181 181 177 153  29
  35  34  33  34  32  33  34  36  35  35 150 181 181 176 170  32
  33  33  31  33  31  33  32  34  32  34 145 180 180 176 162  37
  34  32  31  31  30  32  28  27  28  26 145 181 179 176 154  34
  34  33  31  29  31  42 140 125 138 125 174 181 178 175 169  30
  33  34  32  31  30  59 192 184 183 182 181 178 177 173 160  28
  29  31  30  29  28  32 194 184 183 181 180 179 176 174 137  28
  31  30  29  29  29  48 189 182 181 180 180 176 175 173 131  27
  31  31  29  28  27  54 195 192 191 184 188 176 193 175 159  28
  30  32  30  30  30  29  18  22  16  19  15  20  13  15  17  27
  28  20  21  21  21  20  22  23  21  21  22  18  18  20  19  27
  31 110 147 130 142 140 136 146 135 139 147 131 138 124 113  30
  32 146 166 167 169 171 169 170 167 167 170 165 164 163 142  22
  32 125 167 168 171 169 169 168 167 167 166 163 161 161 143  24
  32 133 167 171 170 170 170 167 166 169 169 161 161 160 153  25
  35 155 177 174 184 168 178 174 172 180 166 163 160 161 144  27
  33  21  16  16  18  13  16  17  17  14 125 160 160 160 140  25
  31  30  30  29  29  27  29  32  31  31 138 160 160 159 157  29
  29  29  29  28  28  28  27  31  29  28 130 159 159 158 145  31
  28  28  27  26  26  29  20  21  22  26 131 160 158 158 137  25
  27  28  26  25  27  39 132 115 128 110 156 160 158 157 155  27
  27  29  27  27  26  55 177 164 163 162 159 158 157 156 143  26
  25  27  26  26  25  31 180 164 163 160 158 159 156 154 123  24
  27  27  26  26  25  43 176 164 160 160 157 157 157 152 119  23
  27  27  27  25  22  47 186 181 179 173 176 164 183 169 150  24
  26  27  27  27  24  23  15  14  14  15  11  15  10  12  12  23

  29  37  40  44  41  38  34  39  41  41  46  40  33  30  31  29
  24 127 170 167 170 169 160 174 174 168 176 166 145 135 162  19
  27 143 197 192 191 194 195 192 192 193 191 188 189 191 182  16
  25 158 196 198 197 197 197 197 193 192 194 193 192 195 202  17
  25 147 195 199 198 197 197 197 194 194 195 195 196 198 187  22
  29 162 198 201 197 188 152 162 163 160 190 199 198 196 195  18
  28 165 202 203 201 199  28  40  35  34 134 198 197 197 192  20
  32 161 204 204 201 185  30  42  36  32 147 199 199 198 200  18
  34 170 206 205 204 190  25  42  37  32 133 202 202 200 202  24
  33 160 206 205 201 202  31  44  41  33 146 200 207 204 203  22
  29 168 209 207 205 189  25  41  40  38  48  67  56  64  67  36
  25 164 207 209 207 199  24  40  39  33  32  34  34  35  34  37
  33 156 206 206 210 197  21  34  32  28  30  34  35  37  35  37
  28 171 205 206 211 204  24  39  42  34  25  25  33  37  40  35
  31 132 168 161 168 173  27  37  36  35  31  32  35  35  27  26
  38  39  44  49  47  42  40  38  36  40  40  37  32  34  30  29
  31  32  29  31  32  33  29  32  37  34  30  28  28  27  28  27
  24 122 159 160 170 161 153 170 162 154 169 160 137 131 159  17
  24 135 181 179 177 178 177 176 176 176 175 173 174 173 175  15
  22 152 183 183 181 181 181 181 180 179 178 177 176 175 193  13
  22 139 182 183 182 183 181 181 180 181 181 178 179 176 176  20
  26 155 186 184 182 181 138 150 145 145 174 181 180 180 188  15
  24 153 187 186 187 191  16  35  34  26 125 182 181 180 184  19
  23 147 188 188 188 181  20  35  32  28 138 183 183 181 191  16
  26 158 190 189 188 185  21  36  34  27 125 184 184 182 192  22
  25 148 189 188 189 190  21  34  32  28 140 192 194 189 195  18
  21 158 190 188 189 180  18  33  33  32  42  59  32  48  54  29
  23 153 189 191 191 193  19  32  31  30  31  30  28  29  27  30
  25 141 187 188 190 184  17  34  33  31  29  31  29  29  28  30
  24 159 187 188 193 193  20  33  31  31  31  32  30  29  29  30
  25 120 154 139 147 163  23  34  33  32  33  34  31  30  31  32
  34  38  33  36  40  42  37  35  33  34  34  33  29  31  31  30
  27  30  22  24  25  27  25  29  31  25  27  26  24  23  24  23
  19 113 142 143 153 144 140 157 145 137 155 143 123 119 150  12
  20 124 163 161 160 161 160 159 158 158 157 156 154 152 169  12
  18 138 164 161 161 160 160 160 159 158 158 157 156 157 183  10
  18 131 165 163 161 163 160 160 159 160 160 158 159 157 164  15
  22 147 170 166 169 166 125 138 130 131 156 159 158 157 176  11
  21 139 167 167 169 180  14  31  28  26 110 162 160 160 173  15
  21 135 167 167 166 172  17  31  29  22 128 163 163 160 179  14
  23 146 170 168 167 174  17  32  31  21 115 164 164 164 181  14
  22 136 169 169 170 178  16  29  27  20 132 177 180 176 186  15
  20 140 171 169 170 168  13  27  28  29  39  55  31  43  47  23
  21 142 169 171 170 184  18  29  28  26  27  26  25  25  22  24
  21 130 167 168 171 174  16  29  28  26  25  27  26  26  25  27
  21 147 166 167 167 177  16  30  29  27  26  27  26  26  27  27
  20 110 146 125 133 155  21  30  29  28  28  29  27  27  27  27
  28  31  32  32  32  35  33  31  29  28  27  27  25  27  27  26

  29  19  16  17  22  18  20  18  24  22  36  37  37  35  26  29
  31 162 182 202 187 195 192 200 202 203  67  34  35  40  27  30
  30 135 191 195 198 196 197 198 200 204  64  35  37  37  35  34
  33 145 189 192 196 198 197 199 202 207  56  34  35  33  35  32
  40 166 188 193 195 199 198 199 202 200  67  34  34  25  32  37
  46 176 191 194 195 190 134 147 133 146  48  32  30  25  31  40
  41 168 193 192 194 160  34  32  32  33  38  33  28  34  35  40
  41 174 192 193 194 163  35  36  37  41  40  39  32  42  36  36
  39 174 192 197 197 162  40  42  42  44  41  40  34  39  37  38
  34 160 195 197 197 152  28  30  25  31  25  24  21  24  27  40
  38 169 194 197 197 188 199 185 190 202 189 199 197 204 173  42
  41 170 191 197 198 197 201 201 204 201 205 207 210 211 168  47
  44 167 192 198 199 201 203 204 205 205 207 209 206 206 161  49
  40 170 197 196 195 198 202 204 206 206 209 207 206 205 168  44
  37 127 143 158 147 162 165 161 170 160 168 164 156 171 132  39
  29  24  27  25  25  29  28  32  34  33  29  25  33  28  31  38
  27  17  15  13  20  15  19  16  22  18  29  30  30  30  32  30
  28 159 175 193 176 188 184 191 192 195  54  27  28  29  31  31
  27 131 173 175 176 180 180 181 182 189  48  29  29  29  30  31
  28 137 174 176 179 180 181 183 184 194  32  28  29  30  31  29
  28 160 173 177 178 181 182 183 184 192  59  30  31  32  34  33
  30 169 175 178 181 174 125 138 125 140  42  31  29  31  33  34
  34 154 176 179 181 145  26  28  27  28  32  30  31  31  32  34
  37 162 176 180 180 145  34  32  34  32  33  31  33  31  33  33
  32 170 176 181 181 150  35  35  36  34  33  32  34  33  34  35
  29 153 177 181 181 138  16  20  21  21  18  19  17  20  23  37
  33 161 178 181 183 181 191 181 185 190 180 193 184 193 163  42
  32 170 177 181 182 182 187 188 188 189 189 191 190 193 147  40
  31 160 179 183 183 184 186 188 189 188 188 191 188 188 139  36
  29 159 181 183 182 186 187 188 190 189 190 189 187 187 154  33
  32 122 135 152 139 155 153 147 158 148 158 153 141 159 120  38
  31  24  24  22  22  26  24  23  26  25  21  23  25  24  25  34
  23  12  12  10  15  11  15  14  14  15  23  24  27  27  27  26
  24 150 169 183 164 176 173 179 181 186  47  22  25  27  27  27
  23 119 152 157 157 157 160 160 164 176  43  25  26  26  27  27
  24 123 154 156 159 158 160 163 164 180  31  25  26  26  27  25
  26 143 156 157 158 159 162 163 164 177  55  26  27  27  29  27
  27 155 157 158 160 156 110 128 115 132  39  27  25  26  28  27
  25 137 158 158 160 131  26  22  21  20  29  26  26  27  28  28
  31 145 158 159 159 130  28  29  31  27  28  28  28  29  29  29
  29 157 159 160 160 138  31  31  32  29  27  29  29  30  30  31
  25 140 160 160 160 125  14  17  17  16  13  18  16  16  21  33
  27 144 161 160 163 166 180 172 174 178 168 184 174 177 155  35
  25 153 160 161 161 169 169 166 167 170 170 170 171 167 133  32
  24 143 161 161 163 166 167 167 168 169 169 171 168 167 125  32
  22 142 163 164 165 170 167 167 170 169 171 169 167 166 146  32
  30 113 124 138 131 147 139 135 146 136 140 142 130 147 110  31
  27  19  20  18  18  22  21  21  23  22  20  21  21  21  20  28

