  23  26  24  25  24  23  26  23  29  34  38  37  32  33  39  39
  34  28  21  28  26  27  29  27  30  31  48 145 146 148 156  89
  31  24  26  28  29  26  26  27  28  28  58 193 188 190 192  99
  25  23  23  27  29  27  25  26  26  27  56 190 190 191 191  96
  27  24  25  20  25  25  23  30  29  27  58 191 191 191 191  96
  25  27  24  24  30  25  51  43  67  55  74 170 175 177 172  86
  23  25  22  24  28  18 172 188 185 187 161  28  40  38  37  34
  23  24  27  29  28  17 169 183 184 183 165  21  30  27  27  28
  25  27  27  25  26  17 173 181 186 182 156  20  22  26  26  28
  26  26  24  29  25  16 165 179 185 181 165  22  32  26  26  30
  23  77 130 135 130 136 178 177 179 177 171 130 139 140 155  79
  21  99 171 178 179 179 178 178 178 177 178 180 176 181 180  91
  18  93 174 176 177 177 176 174 176 177 178 178 177 179 176  88
  14  86 171 174 173 174 172 170 172 176 174 177 178 180 174  91
  17  78 140 151 147 147 145 151 147 152 153 153 158 146 148  79
  17  18  22  23  30  30  23  24  28  35  37  32  27  24  33  35
  22  22  23  23  22  23  25  23  23  25  29  29  27  28  27  29
  22  21  23  23  21  22  25  23  23  22  42 133 131 136 140  74
  19  21  22  20  21  21  23  21  21  23  52 175 171 173 171  82
  19  20  20  19  21  22  22  22  22  24  53 176 171 172 172  84
  20  20  21  21  21  22  22  23  26  22  50 175 169 169 170  86
  20  21  22  23  24  19  48  40  54  40  67 161 162 162 160  80
  20  22  23  22  23  14 167 171 172 173 154  18  29  25  26  27
  20  22  22  21  22  13 162 163 164 165 155  13  24  24  24  25
  20  21  22  24  22  14 168 163 164 165 147  16  23  23  22  25
  19  20  19  24  20  14 158 162 163 163 153  16  26  23  22  25
  20  72 121 124 121 120 163 161 162 163 160 123 132 128 136  60
  21  90 160 162 162 161 161 160 161 162 162 162 164 165 165  80
  22  89 158 160 161 161 160 159 161 162 162 162 163 164 165  81
  19  83 156 158 157 158 158 160 161 160 159 160 161 162 160  83
  18  75 130 138 135 139 137 140 135 139 141 135 144 138 146  71
  20  20  23  23  24  24  22  20  23  24  25  22  22  23  21  22
  17  17  19  19  17  18  21  19  20  21  23  23  23  24  20  21
  19  18  18  19  17  18  21  19  19  19  39 128 122 127 125  62
  16  17  18  17  17  17  19  17  17  19  46 158 151 151 151  73
  16  16  16  16  18  18  18  18  18  20  50 159 150 150 151  74
  16  16  17  16  17  18  17  19  21  17  48 160 147 148 151  76
  16  17  17  19  21  16  44  36  48  35  61 148 147 147 148  72
  16  17  17  18  19  12 155 148 153 155 140  12  23  19  19  20
  16  17  18  17  19   9 148 142 142 143 134  13  19  20  20  21
  16  17  18  19  18  11 152 143 142 143 129   7  18  19  18  20
  15  16  16  21  20  12 146 142 141 144 139   9  18  19  18  18
  16  67 111 112 107 107 145 141 140 143 143 112 120 106 122  51
  16  86 140 136 139 140 139 139 140 140 141 142 142 141 146  71
  17  86 138 140 141 141 140 139 141 139 140 141 142 142 146  72
  18  78 137 138 137 138 137 138 140 139 138 142 142 140 143  74
  16  71 116 121 118 122 122 124 119 117 124 119 126 119 132  66
  15  15  16  17  20  21  18  20  24  22  23  17  15  16  18  19

  39  89  99  96  96  86  34  28  28  30  79  91  88  91  79  35
  39 156 192 191 191 172  37  27  26  26 155 180 176 174 148  33
  33 148 190 191 191 177  38  27  26  26 140 181 179 180 146  24
  32 146 188 190 191 175  40  30  22  32 139 176 177 178 158  27
  37 145 193 190 191 170  28  21  20  22 130 180 178 177 153  32
  38  48  58  56  58  74 161 165 156 165 171 178 178 174 153  37
  34  31  28  27  27  55 187 183 182 181 177 177 177 176 152  35
  29  30  28  26  29  67 185 184 186 185 179 178 176 172 147  28
  23  27  27  26  30  43 188 183 181 179 177 178 174 170 151  24
  26  29  26  25  23  51 172 169 173 165 178 178 176 172 145  23
  23  27  26  27  25  25  18  17  17  16 136 179 177 174 147  30
  24  26  29  29  25  30  28  28  26  25 130 179 177 173 147  30
  25  28  28  27  20  24  24  29  25  29 135 178 176 174 151  23
  24  21  26  23  25  24  22  27  27  24 130 171 174 171 140  22
  26  28  24  23  24  27  25  24  27  26  77  99  93  86  78  18
  23  34  31  25  27  25  23  23  25  26  23  21  18  14  17  17
  29  74  82  84  86  80  27  25  25  25  60  80  81  83  71  22
  27 140 171 172 170 160  26  24  22  22 136 165 165 160 146  21
  28 136 173 172 169 162  25  24  23  23 128 165 164 162 138  23
  27 131 171 171 169 162  29  24  23  26 132 164 163 161 144  22
  29 133 175 176 175 161  18  13  16  16 123 162 162 160 135  22
  29  42  52  53  50  67 154 155 147 153 160 162 162 159 141  25
  25  22  23  24  22  40 173 165 165 163 163 162 162 160 139  24
  23  23  21  22  26  54 172 164 164 163 162 161 161 161 135  23
  23  23  21  22  23  40 171 163 163 162 161 160 159 160 140  20
  25  25  23  22  22  48 167 162 168 158 163 161 160 158 137  22
  23  22  21  22  22  19  14  13  14  14 120 161 161 158 139  24
  22  21  21  21  21  24  23  22  22  20 121 162 161 157 135  24
  23  23  20  19  21  23  22  21  24  24 124 162 160 158 138  23
  23  23  22  20  21  22  23  22  22  19 121 160 158 156 130  23
  22  21  21  20  20  21  22  22  21  20  72  90  89  83  75  20
  22  22  19  19  20  20  20  20  20  19  20  21  22  19  18  20
  21  62  73  74  76  72  20  21  20  18  51  71  72  74  66  19
  20 125 151 151 151 148  19  20  18  18 122 146 146 143 132  18
  24 127 151 150 148 147  19  20  19  19 106 141 142 140 119  16
  23 122 151 150 147 147  23  19  18  18 120 142 142 142 126  15
  23 128 158 159 160 148  12  13   7   9 112 142 141 142 119  17
  23  39  46  50  48  61 140 134 129 139 143 141 140 138 124  23
  21  19  19  20  17  35 155 143 143 144 143 140 139 139 117  22
  20  19  17  18  21  48 153 142 142 141 140 140 141 140 119  24
  19  19  17  18  19  36 148 142 143 142 141 139 139 138 124  20
  21  21  19  18  17  44 155 148 152 146 145 139 140 137 122  18
  18  18  17  18  18  16  12   9  11  12 107 140 141 138 122  21
  17  17  17  18  17  21  19  19  18  20 107 139 141 137 118  20
  19  19  17  16  16  19  18  17  19  21 112 136 140 138 121  17
  19  18  18  16  17  17  17  18  18  16 111 140 138 137 116  16
  17  18  17  16  16  17  17  17  17  16  67  86  86  78  71  15
  17  19  16  16  16  16  16  16  16  15  16  16  17  18  16  15

  35  33  24  27  32  37  35  28  24  23  30  30  23  22  18  17
  79 148 146 158 153 153 152 147 151 145 147 147 151 140  78  17
  91 174 180 178 177 174 176 172 170 172 174 173 174 171  86  14
  88 176 179 177 178 178 177 176 174 176 177 177 176 174  93  18
  91 180 181 176 180 178 177 178 178 178 179 179 178 171  99  21
  79 155 140 139 130 171 177 179 177 178 136 130 135 130  77  23
  30  26  26  32  22 165 181 185 179 165  16  25  29  24  26  26
  28  26  26  22  20 156 182 186 181 173  17  26  25  27  27  25
  28  27  27  30  21 165 183 184 183 169  17  28  29  27  24  23
  34  37  38  40  28 161 187 185 188 172  18  28  24  22  25  23
  86 172 177 175 170  74  55  67  43  51  25  30  24  24  27  25
  96 191 191 191 191  58  27  29  30  23  25  25  20  25  24  27
  96 191 191 190 190  56  27  26  26  25  27  29  27  23  23  25
  99 192 190 188 193  58  28  28  27  26  26  29  28  26  24  31
  89 156 148 146 145  48  31  30  27  29  27  26  28  21  28  34
  39  39  33  32  37  38  34  29  23  26  23  24  25  24  26  23
  22  21  23  22  22  25  24  23  20  22  24  24  23  23  20  20
  71 146 138 144 135 141 139 135 140 137 139 135 138 130  75  18
  83 160 162 161 160 159 160 161 160 158 158 157 158 156  83  19
  81 165 164 163 162 162 162 161 159 160 161 161 160 158  89  22
  80 165 165 164 162 162 162 161 160 161 161 162 162 160  90  21
  60 136 128 132 123 160 163 162 161 163 120 121 124 121  72  20
  25  22  23  26  16 153 163 163 162 158  14  20  24  19  20  19
  25  22  23  23  16 147 165 164 163 168  14  22  24  22  21  20
  25  24  24  24  13 155 165 164 163 162  13  22  21  22  22  20
  27  26  25  29  18 154 173 172 171 167  14  23  22  23  22  20
  80 160 162 162 161  67  40  54  40  48  19  24  23  22  21  20
  86 170 169 169 175  50  22  26  23  22  22  21  21  21  20  20
  84 172 172 171 176  53  24  22  22  22  22  21  19  20  20  19
  82 171 173 171 175  52  23  21  21  23  21  21  20  22  21  19
  74 140 136 131 133  42  22  23  23  25  22  21  23  23  21  22
  29  27  28  27  29  29  25  23  23  25  23  22  23  23  22  22
  19  18  16  15  17  23  22  24  20  18  21  20  17  16  15  15
  66 132 119 126 119 124 117 119 124 122 122 118 121 116  71  16
  74 143 140 142 142 138 139 140 138 137 138 137 138 137  78  18
  72 146 142 142 141 140 139 141 139 140 141 141 140 138  86  17
  71 146 141 142 142 141 140 140 139 139 140 139 136 140  86  16
  51 122 106 120 112 143 143 140 141 145 107 107 112 111  67  16
  18  18  19  18   9 139 144 141 142 146  12  20  21  16  16  15
  20  18  19  18   7 129 143 142 143 152  11  18  19  18  17  16
  21  20  20  19  13 134 143 142 142 148   9  19  17  18  17  16
  20  19  19  23  12 140 155 153 148 155  12  19  18  17  17  16
  72 148 147 147 148  61  35  48  36  44  16  21  19  17  17  16
  76 151 148 147 160  48  17  21  19  17  18  17  16  17  16  16
  74 151 150 150 159  50  20  18  18  18  18  18  16  16  16  16
  73 151 151 151 158  46  19  17  17  19  17  17  17  18  17  16
  62 125 127 122 128  39  19  19  19  21  18  17  19  18  18  19
  21  20  24  23  23  23  21  20  19  21  18  17  19  19  17  17

  17  17  14  18  21  23  26  25  23  23  25  27  25  31  34  23
  18  78  86  93  99  77  26  27  24  25  27  24  23  24  28  26
  22 140 171 174 171 130  24  27  27  22  24  25  23  26  21  24
  23 151 174 176 178 135  29  25  29  24  24  20  27  28  28  25
  30 147 173 177 179 130  25  26  28  28  30  25  29  29  26  24
  30 147 174 177 179 136  16  17  17  18  25  25  27  26  27  23
  23 145 172 176 178 178 165 173 169 172  51  23  25  26  29  26
  24 151 170 174 178 177 179 181 183 188  43  30  26  27  27  23
  28 147 172 176 178 179 185 186 184 185  67  29  26  28  30  29
  35 152 176 177 177 177 181 182 183 187  55  27  27  28  31  34
  37 153 174 178 178 171 165 156 165 161  74  58  56  58  48  38
  32 153 177 178 180 130  22  20  21  28 170 191 190 193 145  37
  27 158 178 177 176 139  32  22  30  40 175 191 190 188 146  32
  24 146 180 179 181 140  26  26  27  38 177 191 191 190 148  33
  33 148 174 176 180 155  26  26  27  37 172 191 191 192 156  39
  35  79  91  88  91  79  30  28  28  34  86  96  96  99  89  39
  20  18  19  22  21  20  19  20  20  20  20  20  19  19  22  22
  20  75  83  89  90  72  20  21  22  22  21  20  20  21  21  22
  23 130 156 158 160 121  19  22  22  23  22  21  20  22  23  23
  23 138 158 160 162 124  24  24  21  22  23  21  19  20  23  23
  24 135 157 161 162 121  20  22  22  23  24  21  21  21  21  22
  24 139 158 161 161 120  14  14  13  14  19  22  22  21  22  23
  22 137 158 160 161 163 158 168 162 167  48  22  22  23  25  25
  20 140 160 159 160 161 162 163 163 171  40  23  22  21  23  23
  23 135 161 161 161 162 163 164 164 172  54  26  22  21  23  23
  24 139 160 162 162 163 163 165 165 173  40  22  24  23  22  25
  25 141 159 162 162 160 153 147 155 154  67  50  53  52  42  29
  22 135 160 162 162 123  16  16  13  18 161 175 176 175 133  29
  22 144 161 163 164 132  26  23  24  29 162 169 171 171 131  27
  23 138 162 164 165 128  23  23  24  25 162 169 172 173 136  28
  21 146 160 165 165 136  22  22  24  26 160 170 172 171 140  27
  22  71  83  81  80  60  25  25  25  27  80  86  84  82  74  29
  15  16  18  17  16  16  15  16  16  16  16  16  16  16  19  17
  15  71  78  86  86  67  16  17  17  17  17  16  16  17  18  17
  16 116 137 138 140 111  16  18  18  17  17  17  16  18  18  19
  17 121 138 140 136 112  21  19  17  18  19  16  16  17  19  19
  20 118 137 141 139 107  20  18  19  19  21  17  18  17  17  17
  21 122 138 141 140 107  12  11   9  12  16  18  18  17  18  18
  18 122 137 140 139 145 146 152 148 155  44  17  18  19  21  21
  20 124 138 139 139 141 142 143 142 148  36  19  18  17  19  19
  24 119 140 141 140 140 141 142 142 153  48  21  18  17  19  20
  22 117 139 139 140 143 144 143 143 155  35  17  20  19  19  21
  23 124 138 140 141 143 139 129 134 140  61  48  50  46  39  23
  17 119 142 141 142 112   9   7  13  12 148 160 159 158 128  23
  15 126 142 142 142 120  18  18  19  23 147 147 150 151 122  23
  16 119 140 142 141 106  19  19  20  19 147 148 150 151 127  24
  18 132 143 146 146 122  18  18  20  19 148 151 151 151 125  20
  19  66  74  72  71  51  18  20  21  20  72  76  74  73  62  21

