  41  35  32  31  31  31  36  43  45  43  41  46  48  40  39  36
  36  35  32  31  33  62 152 139 149 147 160 158 160 163 132  36
  34  36  32  26  32  61 204 200 203 204 209 212 212 210 173  30
  33  35  31  31  32  72 199 203 201 204 207 207 207 213 173  33
  29  32  32  33  33  58 199 205 200 202 204 205 206 209 160  29
  31  77  94  93  57  89 190 182 187 194 189 186 183 188 151  37
  27 146 192 194 195 171  30  43  38  42  46  38  34  34  42  38
  26 146 189 193 192 171  29  38  39  38  36  36  39  31  30  35
  28 149 188 191 194 171  27  39  44  38  35  38  35  34  27  27
  31 139 187 188 193 177  30  40  44  35  37  37  37  34  28  28
  32 143 187 188 188 180 141 146 148 151 146 158 153 161 125  35
  35 147 186 188 188 189 191 191 191 193 196 197 197 196 164  30
  30 142 186 190 191 190 190 190 189 188 193 195 191 193 160  25
  30 145 187 187 188 189 188 188 187 188 191 194 191 193 162  27
  29 121 157 167 164 174 161 176 163 171 163 167 159 171 127  26
  34  34  36  35  40  42  39  42  39  34  31  37  34  28  29  29
  30  31  29  30  31  31  31  32  34  33  34  34  34  34  35  31
  33  32  28  29  29  57 144 125 144 138 149 145 140 144 121  28
  31  31  28  27  29  58 188 182 181 186 186 188 189 189 152  21
  29  32  28  28  29  68 185 183 183 186 188 188 188 188 159  26
  30  32  30  29  29  54 184 182 183 184 186 186 187 187 147  22
  28  71  81  85  59  83 183 173 177 183 177 177 176 181 145  23
  21 137 174 176 180 162  23  37  33  32  35  34  33  28  32  30
  22 137 172 177 177 162  21  30  31  30  30  32  31  27  29  28
  25 142 172 175 176 156  22  32  33  30  31  30  27  27  29  28
  25 131 171 172 175 162  27  36  30  30  32  29  29  27  29  28
  24 136 171 172 174 168 132 138 136 143 138 142 135 148 119  25
  23 135 171 171 172 173 174 174 174 176 177 179 178 179 152  22
  25 134 171 169 171 171 173 174 173 174 176 174 176 177 147  20
  25 140 171 171 171 171 170 172 172 174 174 174 174 174 151  22
  25 117 147 158 151 161 146 162 147 164 148 160 147 157 121  22
  30  31  32  30  32  32  29  30  28  31  28  30  28  26  28  27
  24  26  25  26  26  26  26  28  28  26  30  31  29  26  29  27
  29  28  24  24  25  53 135 116 133 127 135 129 128 133 109  20
  27  27  25  23  25  55 171 162 162 165 165 167 165 166 137  14
  25  27  24  23  25  66 170 163 161 164 166 166 165 169 146  18
  26  25  21  24  25  51 169 163 160 162 165 165 165 167 135  18
  24  66  74  77  54  80 166 154 157 164 160 162 161 164 133  18
  15 127 154 156 161 151  15  29  25  26  26  25  30  23  28  25
  17 129 152 157 159 150  19  26  28  27  26  28  28  23  24  25
  21 135 152 155 158 142  19  24  25  27  27  27  23  24  24  23
  22 124 151 152 155 146  22  30  26  26  28  26  26  24  24  24
  22 134 151 152 152 149 120 129 126 135 128 127 128 138 108  21
  17 128 151 151 152 153 154 154 154 155 156 155 157 158 137  22
  19 124 151 150 151 151 153 154 153 153 155 153 153 155 130  19
  23 128 151 151 151 151 151 152 151 151 151 152 152 156 133  19
  22 112 137 142 134 145 129 142 130 149 135 146 134 146 110  19
  26  27  29  25  28  29  25  22  20  27  24  23  19  20  24  23

  36  36  30  33  29  37  38  35  27  28  35  30  25  27  26  29
  39 132 173 173 160 151  42  30  27  28 125 164 160 162 127  29
  40 163 210 213 209 188  34  31  34  34 161 196 193 193 171  28
  48 160 212 207 206 183  34  39  35  37 153 197 191 191 159  34
  46 158 212 207 205 186  38  36  38  37 158 197 195 194 167  37
  41 160 209 207 204 189  46  36  35  37 146 196 193 191 163  31
  43 147 204 204 202 194  42  38  38  35 151 193 188 188 171  34
  45 149 203 201 200 187  38  39  44  44 148 191 189 187 163  39
  43 139 200 203 205 182  43  38  39  40 146 191 190 188 176  42
  36 152 204 199 199 190  30  29  27  30 141 191 190 188 161  39
  31  62  61  72  58  89 171 171 171 177 180 189 190 189 174  42
  31  33  32  32  33  57 195 192 194 193 188 188 191 188 164  40
  31  31  26  31  33  93 194 193 191 188 188 188 190 187 167  35
  32  32  32  31  32  94 192 189 188 187 187 186 186 187 157  36
  35  35  36  35  32  77 146 146 149 139 143 147 142 145 121  34
  41  36  34  33  29  31  27  26  28  31  32  35  30  30  29  34
  31  28  21  26  22  23  30  28  28  28  25  22  20  22  22  27
  35 121 152 159 147 145  32  29  29  29 119 152 147 151 121  28
  34 144 189 188 187 181  28  27  27  27 148 179 177 174 157  26
  34 140 189 188 187 176  33  31  27  29 135 178 176 174 147  28
  34 145 188 188 186 177  34  32  30  29 142 179 174 174 160  30
  34 149 186 188 186 177  35  30  31  32 138 177 176 174 148  28
  33 138 186 186 184 183  32  30  30  30 143 176 174 174 164  31
  34 144 181 183 183 177  33  31  33  30 136 174 173 172 147  28
  32 125 182 183 182 173  37  30  32  36 138 174 174 172 162  30
  31 144 188 185 184 183  23  21  22  27 132 174 173 170 146  29
  31  57  58  68  54  83 162 162 156 162 168 173 171 171 161  32
  31  29  29  29  29  59 180 177 176 175 174 172 171 171 151  32
  30  29  27  28  29  85 176 177 175 172 172 171 169 171 158  30
  29  28  28  28  30  81 174 172 172 171 171 171 171 171 147  32
  31  32  31  32  32  71 137 137 142 131 136 135 134 140 117  31
  30  33  31  29  30  28  21  22  25  25  24  23  25  25  25  30
  27  20  14  18  18  18  25  25  23  24  21  22  19  19  19  23
  29 109 137 146 135 133  28  24  24  24 108 137 130 133 110  24
  26 133 166 169 167 164  23  23  24  24 138 158 155 156 146  20
  29 128 165 165 165 161  30  28  23  26 128 157 153 152 134  19
  31 129 167 166 165 162  25  28  27  26 127 155 153 152 146  23
  30 135 165 166 165 160  26  26  27  28 128 156 155 151 135  24
  26 127 165 164 162 164  26  27  27  26 135 155 153 151 149  27
  28 133 162 161 160 157  25  28  25  26 126 154 153 151 130  20
  28 116 162 163 163 154  29  26  24  30 129 154 154 152 142  22
  26 135 171 170 169 166  15  19  19  22 120 154 153 151 129  25
  26  53  55  66  51  80 151 150 142 146 149 153 151 151 145  29
  26  25  25  25  25  54 161 159 158 155 152 152 151 151 134  28
  26  24  23  23  24  77 156 157 155 152 152 151 150 151 142  25
  25  24  25  24  21  74 154 152 152 151 151 151 151 151 137  29
  26  28  27  27  25  66 127 129 135 124 134 128 124 128 112  27
  24  29  27  25  26  24  15  17  21  22  22  17  19  23  22  26

  29  29  28  34  37  31  34  39  42  39  42  40  35  36  34  34
  26 127 171 159 167 163 171 163 176 161 174 164 167 157 121  29
  27 162 193 191 194 191 188 187 188 188 189 188 187 187 145  30
  25 160 193 191 195 193 188 189 190 190 190 191 190 186 142  30
  30 164 196 197 197 196 193 191 191 191 189 188 188 186 147  35
  35 125 161 153 158 146 151 148 146 141 180 188 188 187 143  32
  28  28  34  37  37  37  35  44  40  30 177 193 188 187 139  31
  27  27  34  35  38  35  38  44  39  27 171 194 191 188 149  28
  35  30  31  39  36  36  38  39  38  29 171 192 193 189 146  26
  38  42  34  34  38  46  42  38  43  30 171 195 194 192 146  27
  37 151 188 183 186 189 194 187 182 190  89  57  93  94  77  31
  29 160 209 206 205 204 202 200 205 199  58  33  33  32  32  29
  33 173 213 207 207 207 204 201 203 199  72  32  31  31  35  33
  30 173 210 212 212 209 204 203 200 204  61  32  26  32  36  34
  36 132 163 160 158 160 147 149 139 152  62  33  31  32  35  36
  36  39  40  48  46  41  43  45  43  36  31  31  31  32  35  41
  27  28  26  28  30  28  31  28  30  29  32  32  30  32  31  30
  22 121 157 147 160 148 164 147 162 146 161 151 158 147 117  25
  22 151 174 174 174 174 174 172 172 170 171 171 171 171 140  25
  20 147 177 176 174 176 174 173 174 173 171 171 169 171 134  25
  22 152 179 178 179 177 176 174 174 174 173 172 171 171 135  23
  25 119 148 135 142 138 143 136 138 132 168 174 172 171 136  24
  28  29  27  29  29  32  30  30  36  27 162 175 172 171 131  25
  28  29  27  27  30  31  30  33  32  22 156 176 175 172 142  25
  28  29  27  31  32  30  30  31  30  21 162 177 177 172 137  22
  30  32  28  33  34  35  32  33  37  23 162 180 176 174 137  21
  23 145 181 176 177 177 183 177 173 183  83  59  85  81  71  28
  22 147 187 187 186 186 184 183 182 184  54  29  29  30  32  30
  26 159 188 188 188 188 186 183 183 185  68  29  28  28  32  29
  21 152 189 189 188 186 186 181 182 188  58  29  27  28  31  31
  28 121 144 140 145 149 138 144 125 144  57  29  29  28  32  33
  31  35  34  34  34  34  33  34  32  31  31  31  30  29  31  30
  23  24  20  19  23  24  27  20  22  25  29  28  25  29  27  26
  19 110 146 134 146 135 149 130 142 129 145 134 142 137 112  22
  19 133 156 152 152 151 151 151 152 151 151 151 151 151 128  23
  19 130 155 153 153 155 153 153 154 153 151 151 150 151 124  19
  22 137 158 157 155 156 155 154 154 154 153 152 151 151 128  17
  21 108 138 128 127 128 135 126 129 120 149 152 152 151 134  22
  24  24  24  26  26  28  26  26  30  22 146 155 152 151 124  22
  23  24  24  23  27  27  27  25  24  19 142 158 155 152 135  21
  25  24  23  28  28  26  27  28  26  19 150 159 157 152 129  17
  25  28  23  30  25  26  26  25  29  15 151 161 156 154 127  15
  18 133 164 161 162 160 164 157 154 166  80  54  77  74  66  24
  18 135 167 165 165 165 162 160 163 169  51  25  24  21  25  26
  18 146 169 165 166 166 164 161 163 170  66  25  23  24  27  25
  14 137 166 165 167 165 165 162 162 171  55  25  23  25  27  27
  20 109 133 128 129 135 127 133 116 135  53  25  24  24  28  29
  27  29  26  29  31  30  26  28  28  26  26  26  26  25  26  24

  34  29  30  30  35  32  31  28  26  27  31  29  33  34  36  41
  34 121 145 142 147 143 139 149 146 146  77  32  35  36  35  35
  36 157 187 186 186 187 187 188 189 192  94  32  31  32  32  32
  35 167 187 190 188 188 188 191 193 194  93  33  31  26  31  31
  40 164 188 191 188 188 193 194 192 195  57  33  32  32  33  31
  42 174 189 190 189 180 177 171 171 171  89  58  72  61  62  31
  39 161 188 190 191 141  30  27  29  30 190 199 199 204 152  36
  42 176 188 190 191 146  40  39  38  43 182 205 203 200 139  43
  39 163 187 189 191 148  44  44  39  38 187 200 201 203 149  45
  34 171 188 188 193 151  35  38  38  42 194 202 204 204 147  43
  31 163 191 193 196 146  37  35  36  46 189 204 207 209 160  41
  37 167 194 195 197 158  37  38  36  38 186 205 207 212 158  46
  34 159 191 191 197 153  37  35  39  34 183 206 207 212 160  48
  28 171 193 193 196 161  34  34  31  34 188 209 213 210 163  40
  29 127 162 160 164 125  28  27  30  42 151 160 173 173 132  39
  29  26  27  25  30  35  28  27  35  38  37  29  33  30  36  36
  30  25  25  25  23  24  25  25  22  21  28  30  29  31  33  30
  31 117 140 134 135 136 131 142 137 137  71  32  32  31  32  31
  32 147 171 171 171 171 171 172 172 174  81  30  28  28  28  29
  30 158 171 169 171 172 172 175 177 176  85  29  28  27  29  30
  32 151 171 171 172 174 175 176 177 180  59  29  29  29  29  31
  32 161 171 171 173 168 162 156 162 162  83  54  68  58  57  31
  29 146 170 173 174 132  27  22  21  23 183 184 185 188 144  31
  30 162 172 174 174 138  36  32  30  37 173 182 183 182 125  32
  28 147 172 173 174 136  30  33  31  33 177 183 183 181 144  34
  31 164 174 174 176 143  30  30  30  32 183 184 186 186 138  33
  28 148 174 176 177 138  32  31  30  35 177 186 188 186 149  34
  30 160 174 174 179 142  29  30  32  34 177 186 188 188 145  34
  28 147 174 176 178 135  29  27  31  33 176 187 188 189 140  34
  26 157 174 177 179 148  27  27  27  28 181 187 188 189 144  34
  28 121 151 147 152 119  29  29  29  32 145 147 159 152 121  35
  27  22  22  20  22  25  28  28  28  30  23  22  26  21  28  31
  26  22  23  19  17  22  22  21  17  15  24  26  25  27  29  24
  27 112 128 124 128 134 124 135 129 127  66  25  27  27  28  26
  29 137 151 151 151 151 151 152 152 154  74  21  24  25  24  25
  25 142 151 150 151 152 152 155 157 156  77  24  23  23  24  26
  28 134 151 151 152 152 155 158 159 161  54  25  25  25  25  26
  29 145 151 151 153 149 146 142 150 151  80  51  66  55  53  26
  25 129 151 153 154 120  22  19  19  15 166 169 170 171 135  26
  22 142 152 154 154 129  30  24  26  29 154 163 163 162 116  28
  20 130 151 153 154 126  26  25  28  25 157 160 161 162 133  28
  27 149 151 153 155 135  26  27  27  26 164 162 164 165 127  26
  24 135 151 155 156 128  28  27  26  26 160 165 166 165 135  30
  23 146 152 153 155 127  26  27  28  25 162 165 166 167 129  31
  19 134 152 153 157 128  26  23  28  30 161 165 165 165 128  29
  20 146 156 155 158 138  24  24  23  23 164 167 169 166 133  26
  24 110 133 130 137 108  24  24  24  28 133 135 146 137 109  29
  23  19  19  19  22  21  24  23  25  25  18  18  18  14  20  27

